Month	East_Fork_Avg_Flow_m3day	South_Fork_Avg_Flow_m3day	Sugar_Avg_Flow_m3day	French_Avg_Flow_m3day	Etna_Avg_Flow_m3day	Johnson_Avg_Flow_m3day	Crystal_Avg_Flow_m3day	Patterson_Avg_Flow_m3day	Kidder_Avg_Flow_m3day	Moffett_Avg_Flow_m3day	Mill_Avg_Flow_m3day	Shackleford_Avg_Flow_m3day
1990-10-01	14195.5346366409	17426.118114006	5007.3199920932	4371.17258721136	10283.7044901344	587.864974038111	440.898730528583	2939.32487019056	9488.34855491095	1688.36591390242	14232.1806642008	19862.3526186898
1990-11-01	24295.8400734536	26563.1262569363	7843.93815005167	7860.88707307954	17199.8078225657	1014.74963345431	761.062225090732	5073.74816727155	17356.25097874	2955.50613131024	18967.5318188647	29331.4343871632
1990-12-01	28454.4997847166	29776.8356845911	8884.11677258806	9380.31732002709	19969.1314176453	1192.27761466757	894.208211000674	5961.38807333783	20844.7544767093	3491.00746188411	20209.3065874373	32488.0625069456
1991-01-01	49151.5994654628	45370.6682294242	13942.7326924221	17095.7180731051	33643.9158122679	2078.61196483863	1558.95897362898	10393.0598241932	38696.6855614611	6179.27283233565	26622.6445049133	47829.6775719059
1991-02-01	91325.4378102751	74854.3087599181	23656.3984376504	33419.1196094113	61051.1329046213	3896.05548622933	2922.041614672	19480.2774311467	76977.8433303672	11749.8304235159	38267.7880516133	76384.3110934903
1991-03-01	142235.571913861	102877.20517558	33484.7096482948	54905.9482128212	92748.2776486662	6124.03945278538	4593.02958958903	30620.1972639269	128816.484011991	18750.5376006786	45492.8284894442	101445.250514564
1991-04-01	113021.915273082	86828.2510792544	27862.4355162613	42519.1104438979	74588.1069046485	4844.6852631586	3633.51394736895	24223.426315793	98875.3512715135	14725.6320829322	41177.1891085741	87045.3298333213
1991-05-01	173503.478743958	119897.384425489	39446.0824393095	68294.1876639371	112115.398750032	7495.41188664859	5621.55891498644	37477.0594332429	161304.59080316	23076.3539150421	50287.3558818257	116760.821359645
1991-06-01	99003.1510386706	78405.976696371	24980.2662407724	36764.5733752408	65732.7914296497	4234.28950986214	3175.71713239661	21171.4475493107	85112.5176634164	12823.0748113039	38517.3178978996	79259.0947220665
1991-07-01	18342.0563252224	21229.9916956897	6185.4744209914	5791.75615751735	13133.0001027806	762.875360000374	572.156520000281	3814.37680000187	12681.1027552679	2206.64512039858	16195.3909856021	23811.3144840356
1991-08-01	6354.49560325288	9381.15136069255	2580.97834034867	1808.38166185564	4775.48920886332	259.603952115303	194.702964086477	1298.01976057652	3820.39659400678	729.136853945567	9489.78086648287	11246.8273330761
1991-09-01	5721.78313128861	8718.2789570362	2380.81551690912	1606.48298460645	4327.11323658179	233.212479411636	174.909359558727	1166.06239705818	3378.14070812077	652.51362517375	9148.46162219289	10542.9772690037
1991-10-01	8468.59688759911	11704.5774174479	3270.61121540827	2478.87226076433	6281.34892970331	347.654860418677	260.741145314007	1738.27430209338	5287.85719449508	984.25797449976	10968.5743298955	13781.2502340223
1991-11-01	19419.3096699519	22351.9285422383	6520.91357478327	6146.5345804496	13888.9111945476	808.011342547268	606.008506910451	4040.05671273634	13468.9202296956	2338.77871735355	16941.3980708001	25031.4282007231
1991-12-01	56678.4176989779	50635.0454163779	15680.870878541	19991.0988310041	38544.3821495832	2402.69478721697	1802.02109041273	12013.4739360849	45468.4690722115	7171.01331574302	28605.7653972608	52903.3868066785
1992-01-01	50305.6262986832	46189.2122269362	14212.1018588338	17536.979783512	34397.3692882874	2128.24957528943	1596.18718146707	10641.2478764472	39726.5809166703	6330.91268635932	26936.0169367549	48621.5988858872
1992-02-01	145432.394444694	106268.538550791	34505.4608312924	55895.688344598	95025.5813738711	6256.97994080203	4692.73495560152	31284.8997040102	130942.006750667	19133.9388867426	47552.065155862	105082.697897299
1992-03-01	144932.962578695	104377.114844732	34007.4348170884	56050.3823942307	94426.1436148189	6242.1575576186	4681.61816821395	31210.787788093	131584.831907177	19122.1617373442	45925.828926038	102802.801197219
1992-04-01	285280.609377394	177202.505354224	59782.2847610829	117525.757526423	180475.565124584	12421.2863265782	9315.96474493365	62106.431632891	281968.294900893	38738.1350512297	65677.4506109786	167600.847463278
1992-05-01	139766.35201778	101498.438844738	33004.6749180628	53860.1847475467	91211.0677576705	6015.9460392193	4511.95952941448	30079.7301960965	126288.365810128	18410.6245871041	45092.8721425532	100195.920415975
1992-06-01	33259.5699187618	33834.3597256621	10162.2090999071	11097.7007695636	23210.3039535488	1396.51973081029	1047.38979810772	6982.59865405146	24763.8233008079	4103.04691562249	22221.9105870922	36630.1282657898
1992-07-01	21308.3362909972	23829.1116312289	6999.24985269823	6828.05496828276	15152.7989284083	888.494281424273	666.370711068204	4442.47140712136	15025.8713721326	2580.72040138731	17466.9952820351	26475.7871208545
1992-08-01	4025.82764972717	6599.80773440993	1771.49594555047	1095.52426242805	3089.17972024447	163.206505508519	122.404879131389	816.032527542596	2279.05129595518	452.618056441794	7538.81051741895	8142.66126957612
1992-09-01	12022.1518553184	15447.7693016583	4391.3467272384	3630.38960366339	8788.719801712	496.190702936517	372.143027202388	2480.95351468258	7827.64751289698	1417.22438138001	13302.72304692	17829.0357080864
1992-10-01	27572.4376496499	29063.0984067872	8656.41540146249	9061.50643300062	19377.9501677339	1154.70386975395	866.027902315459	5773.51934876973	20114.9226140271	3378.03642068885	19890.9504808563	31772.1709085916
1992-11-01	34145.7594415607	34526.8305582769	10384.9506726189	11422.8179964565	23800.1403844463	1434.36640054287	1075.77480040715	7171.83200271437	25511.9203305098	4217.32011770851	22518.5222271832	37318.0788975421
1992-12-01	66251.7252778455	57104.7829507652	17834.3271157852	23728.1575674617	44734.8183477192	2815.93638715523	2111.95229036642	14079.6819357761	54253.0198887466	8440.8566040987	30947.8632807061	59080.4634255285
1993-01-01	187617.799903901	127344.148229666	42073.6230800121	74418.5149725672	120803.689916307	8115.86884556887	6086.90163417665	40579.3442278444	176233.987622059	25040.8865770839	52310.1215875439	123404.560153483
1993-02-01	233186.371648886	154127.202989663	51242.0182890145	93548.3835323432	149353.696593071	10106.7710356064	7580.07827670483	50533.8551780322	222402.20317424	31283.9451908491	61392.463527812	148277.125308129
1993-03-01	631716.712782386	324490.522745318	114483.952098066	282255.461576966	384816.593348975	27892.5543190365	20919.4157392773	139462.771595182	696362.477804831	89010.4405955383	96481.762619815	291346.287030841
1993-04-01	425407.27962539	241084.67037393	83110.5706559741	182257.737522899	264257.536714166	18647.907648992	13985.930736744	93239.5382449601	443206.921153938	58805.7818826993	80337.5035220627	222365.31964923
1993-05-01	633693.338212043	325272.506197287	114779.233865498	283225.402545981	385965.612952509	27981.3057795367	20985.9793346525	139906.528897683	698829.090287822	89301.4085032074	96633.8691162	291991.046607115
1993-06-01	460503.631471605	256268.398748091	88724.481989186	198834.097476941	285025.356563566	20213.4164852597	15160.0623639448	101067.082426299	484811.261152168	63883.0247609896	83613.8778027862	235195.081952004
1993-07-01	85432.629282	69462.6898485857	21994.1563846089	31370.4929912422	57020.3737285352	3646.82115259141	2735.11586444356	18234.1057629571	72344.5775549789	11008.8997830141	35181.3197490381	70726.3407298095
1993-08-01	24859.0771961966	26833.5946580977	7947.71210685764	8087.18846807412	17553.8334914698	1039.25135979916	779.438519849367	5196.25679899578	17889.4911464675	3031.5535709525	18878.5969515921	29526.5073324428
1993-09-01	21110.0950660703	23836.8606729456	6985.5903915065	6736.63153819897	15040.7362540992	879.602003995208	659.701502996406	4398.01001997604	14803.6289641458	2551.90481651425	17669.7807871608	26554.6436703509
1993-10-01	26533.7556023534	28215.8674390322	8386.63576095785	8687.37008763499	18680.6877205206	1110.48456500459	832.86342375344	5552.42282502294	19259.445619005	3245.21328625272	19509.5213736625	30920.5154762619
1993-11-01	32318.9564752404	33094.7105992748	9924.64539291095	10753.5458495703	22583.4575597255	1356.36740873446	1017.27555655084	6781.83704367229	23972.6540907675	3981.9045508694	21902.7639834936	35894.0366174136
1993-12-01	61988.0983666911	54251.8808410238	16882.5030334352	22056.7585764219	41983.2347454229	2631.75855513141	1973.81891634856	13158.7927756571	50318.4382826671	7874.22254419144	29927.0391769198	56364.0598162686
1994-01-01	91733.5014137041	73377.3465562441	23323.2411010698	33920.0634197202	61027.1569371716	3920.49242001971	2940.36931501478	19602.4621000985	78412.2128712848	11858.4537494279	36466.5979006917	74378.7447879491
1994-02-01	90437.8851967565	74293.19030151	23466.6703539722	33062.64871948	60484.7692465115	3857.55506641735	2893.16629981301	19287.7753320868	76131.6626194176	11630.5659135643	38079.8032496894	75858.2811084662
1994-03-01	130128.61206378	96062.1185475821	31116.4667010172	49796.0128620402	85199.0130079815	5594.35501123603	4195.76625842702	27971.7750561801	116477.871014934	17086.5008481602	43497.2125817003	95256.2510061974
1994-04-01	120874.338207356	91440.048194534	29449.0951520638	45773.7802588262	79525.9802632177	5187.16072515013	3890.3705438626	25935.8036257507	106685.308352225	15796.0306724076	42595.7330171886	91282.398946062
1994-05-01	167613.606881895	116749.133373809	38338.6439409851	65752.7196073926	108480.384976169	7236.74491287727	5427.55868465795	36183.7245643863	155121.067231585	22258.6355094567	49419.2048802641	113942.038271213
1994-06-01	47020.1493071864	44178.381778318	13519.8318613734	16231.1227908949	32298.4933029858	1985.88490459053	1489.4136784429	9929.42452295267	36644.1973022327	5890.98785159799	26460.7765032721	46799.1151352643
1994-07-01	6325.3183957755	9347.94683028122	2571.20301267082	1799.26597996397	4754.56116036996	258.391873412628	193.793905059471	1291.95936706314	3800.54874010574	725.639827449322	9467.78450003446	11210.2620075448
1994-08-01	3057.67516168395	5339.36171148538	1412.01090538125	809.917977241852	2375.93301243064	123.383178340762	92.5373837555718	616.915891703812	1669.33525866451	339.573422174361	6562.42615369349	6702.46196546486
1994-09-01	2544.32119733461	4669.3944212753	1220.45804005939	659.77544540435	1996.68547456085	102.293473105094	76.7201048288208	511.467365525472	1349.97582791069	279.842892387926	6079.61623083725	5941.80669969628
1994-10-01	4831.70065318297	7596.02098518726	2059.11360600223	1338.56434503317	3676.7966409705	196.481067987282	147.360800990462	982.405339936412	2801.84637399513	547.665258561913	8265.34939679221	9264.87623577788
1994-11-01	5380.62196314323	8314.96361263129	2263.14070580541	1501.61487500049	4080.54760757887	219.079601859328	164.309701394496	1095.39800929664	3151.08123680096	611.925427844944	8869.21985720453	10094.1848360853
1994-12-01	23148.297258487	25399.2486672559	7493.92971512684	7478.15463545113	16399.0980147659	966.566304127772	724.924728095829	4832.83152063886	16502.5238183708	2813.95138208312	18211.9082799755	28073.769171151
1995-01-01	567624.519739108	298817.184664334	104817.962076726	250971.365387591	347467.381563215	25017.4109896859	18763.0582422645	125087.05494843	616950.07583664	79598.5441933839	91415.0373670407	270105.707594051
1995-02-01	666543.28568919	346182.323403146	121819.66877085	296413.979153082	406924.644181022	29406.3639712543	22054.7729784407	147031.819856271	730107.484951437	93716.0143166246	104258.496447786	311764.070091154
1995-03-01	737343.30194378	365541.163456535	130049.884958071	334484.198725592	446000.28943922	32641.4725681294	24481.1044260971	163207.362840647	829532.731634977	104613.231375413	104304.631964201	325029.389955643
1995-04-01	517190.504512189	280246.140616101	97637.005720262	225867.290119338	318418.91885942	22746.1936364899	17059.6452273674	113730.968182449	552886.243099482	72119.7508875178	88654.5150183768	255330.911275106
1995-05-01	593079.492032757	309089.436062424	108678.729880522	263356.806898854	362322.977588974	26158.6843066083	19619.0132299563	130793.421533042	648355.234428949	83331.1915354293	93459.6807500376	278621.541734698
1995-06-01	456628.736161148	254605.399870511	88108.4531668187	196997.675686275	282736.088190907	20040.470916912	15030.353187684	100202.35458456	480196.680968132	63321.5860018474	83258.3685049787	233792.992261006
1995-07-01	184549.752414445	125736.70301491	41505.5114402948	73083.2936556154	118917.723707011	7980.93015135512	5985.69761351634	39904.6507567756	172975.761290619	24613.2743238302	51877.0277189492	121973.201597186
1995-08-01	38610.3125619311	37670.7837249624	11426.3709861077	13115.0743271882	26721.3903209208	1626.17952972879	1219.63464729659	8130.89764864397	29445.6445341899	4801.99744779695	23571.6273102957	40319.6914863636
1995-09-01	21666.457818389	24319.4354462917	7137.04586498425	6931.84132299018	15418.8135127555	903.180909243266	677.385681932449	4515.90454621633	15245.9709444074	2622.20516921802	17903.0870389132	27047.9710502035
1995-10-01	28314.0459293931	29663.5286059476	8847.94294522888	9329.48624365179	19875.0522349029	1186.29328221246	889.719961659345	5931.4664110623	20728.338638975	3473.00808924054	20158.9445300792	32374.5077723219
1995-11-01	36533.6257867404	36372.5958239818	10980.180697775	12302.9291100164	25386.0476677594	1536.42692772333	1152.3201957925	7682.13463861667	27540.2961753904	4525.88363983295	23299.2716487871	39146.3646287871
1995-12-01	368796.552809347	214347.525089204	73455.0233007335	156308.226194941	230245.365278179	16136.342638986	12102.2569792395	80681.7131949302	378696.098989394	50730.4339234581	73550.6509904992	199076.229857857
1996-01-01	437114.798066751	244334.610263603	84504.3997966751	188377.79780495	270787.971504587	19180.5188828583	14385.3891621437	95902.5944142913	459016.51745621	60586.0961380637	80131.591839477	224515.352355822
1996-02-01	871365.688715096	422149.784513615	151006.694434851	399189.782937794	524658.288441335	38639.9256396231	28979.9442297173	193199.628198115	993360.47214598	124183.159807321	117283.119437496	373004.553696068
1996-03-01	485250.316808875	264814.00092244	92106.1728214739	211275.918585957	299176.879940716	21330.2993422747	15997.7245067061	106651.496711374	516629.212338067	67572.374933029	84465.8744473234	241740.743589588
1996-04-01	501732.857988531	273770.429437775	95224.5064925405	218465.483945658	309330.387824171	22055.0559261933	16541.291944645	110275.279630967	534220.775598222	69869.5247014508	87308.3918489995	249907.165612119
1996-05-01	515169.743412486	277307.069374821	96764.0158422635	225622.863304366	316756.888161326	22668.3722374475	17001.2791780856	113341.861187237	552826.098398247	71930.6485537807	87052.9930472161	252194.94110069
1996-06-01	212512.257095482	141233.342316773	46894.7423677836	85055.3006846036	136260.400019055	9207.00416446313	6905.25312334735	46035.0208223157	202048.146350351	28479.9955212837	56614.7968589261	136076.493784432
1996-07-01	58524.8757641072	51901.2875896151	16100.8943619875	20707.3731317617	39741.8556828121	2482.31297551977	1861.73473163983	12411.5648775989	47148.545206576	7415.2363497879	29071.9385136899	54117.1812073436
1996-08-01	14724.280641095	17924.0989856031	5160.60816332795	4550.27915889879	10648.9482452054	610.138123026589	457.603592269942	3050.69061513295	9889.32013745958	1754.11512457576	14497.060440893	20383.0395364993
1996-09-01	12961.6318965587	16369.7639511653	4672.41543881314	3943.08144309025	9443.02204507635	535.646167318326	401.734625488744	2678.23083659163	8523.46142725527	1533.11671334843	13817.1294627986	18804.0012791382
1996-10-01	25246.4087432103	27155.1484598602	8049.67886625455	8225.65983333352	17814.7603500381	1055.71967099662	791.789753247461	5278.59835498308	18205.2922797487	3080.91471788761	19026.3501565729	29851.3034632885
1996-11-01	393582.560725253	227065.903297379	77949.3474387326	167341.940720119	245358.012403107	17230.2150557022	12922.6612917766	86151.0752785109	405869.403602265	54217.9493074768	77248.6020026969	210461.290897827
1996-12-01	897794.171680558	425418.065495989	152972.555411614	415211.393379429	538192.743010033	39876.859950347	29907.6449627602	199384.299751735	1036600.41037993	128502.553306788	115191.287913991	373617.309003946
1997-01-01	1150407.35401683	514961.734969172	187670.157662559	545136.152869548	681861.473129888	51311.46223095	38483.5966732125	256557.31115475	1372394.67505933	166492.459781324	130530.971073912	445263.592264668
1997-02-01	390696.273740548	229385.991867422	78421.3456885707	164875.40602854	244409.329677753	17081.8171644746	12811.3628733559	85409.0858223729	398858.538942268	53637.1685048363	79640.3878170997	213634.67474254
1997-03-01	281070.316899613	173870.550178127	58715.0675681629	115994.973423702	177666.58397686	12241.6724883087	9181.25436623156	61208.3624415437	278463.91113319	38196.9755026847	64135.7871948188	164264.267948216
1997-04-01	312277.78673391	189987.432538076	64409.6651347512	129793.643559352	196740.690477452	13617.5394331571	10213.1545748678	68087.6971657853	312352.653562281	42575.6215974591	68741.2129802011	178674.528372326
1997-05-01	226870.294288983	147415.992249494	49208.1473267013	91680.4270258589	144816.014384203	9845.37033368878	7384.02775026658	49226.8516684439	218508.422652716	30537.767412879	57568.8178615005	141159.574268787
1997-06-01	97640.5206535746	77573.2223099244	24696.4337200765	36209.3106874383	64869.1154121907	4175.03346830476	3131.27510122857	20875.1673415238	83787.8685099453	12638.7605305128	38249.0853697106	78485.6288418799
1997-07-01	31719.1923784491	32375.9093961899	9716.47047685231	10568.5471505422	22150.138878136	1331.51251007427	998.634382555705	6657.56255037137	23571.4147409009	3910.46362210366	21347.0065500638	35083.4175970198
1997-08-01	13023.2575512282	16306.499824493	4663.81429324677	3976.44015477241	9471.67212427461	538.534154839536	403.900616129652	2692.67077419768	8606.45937814065	1542.9896603086	13626.8880394733	18687.1858051363
1997-09-01	16830.1837338975	20018.6553519051	5795.19126740591	5252.79151965419	12116.044971275	698.590914056705	523.943185542529	3492.95457028352	11455.0354466743	2014.04551369275	15762.0721404398	22621.0202169125
1997-10-01	34728.5419702458	34717.6755679509	10470.4629744399	11674.5626523893	24151.4639038108	1460.07284749214	1095.0546356191	7300.36423746069	26117.9304679693	4298.83124970726	22345.294793963	37407.2658596681
1997-11-01	71037.7447130037	60712.7586848143	18999.0645662793	25534.6753407964	47885.5765016992	3021.244788449	2265.93359133675	15106.223942245	58456.346154593	9065.5724966312	32581.0388743273	62667.4924391421
1997-12-01	91411.3372221324	73178.7206501384	23255.6824031855	33789.2761620663	60822.6020192307	3906.49168726874	2929.86876545155	19532.4584363437	78100.6064099003	11814.9511618885	36401.9640415049	74193.8152997898
1998-01-01	506963.608769114	273897.519720511	95491.3289096604	221679.51867104	311939.897775422	22301.2390536203	16725.9292902152	111506.195268101	542869.921061495	70734.1317015383	86350.9979193163	249345.716815861
1998-02-01	556760.934235387	301360.37504737	105020.017373465	243261.347902376	342707.210934095	24488.4699884731	18366.3524913548	122442.349942365	595559.103062726	77654.0641841959	95213.8855536158	274486.328643452
1998-03-01	820253.365706871	396818.390465179	141993.359789452	376004.382224897	493742.265072233	36377.2311620221	27282.9233715166	181886.155810111	935862.00562669	116931.450424751	110062.389787603	350484.578306923
1998-04-01	475006.347447571	262464.350803902	91022.1212563372	205720.707434767	293585.743805281	20860.92288491	15645.6921636825	104304.61442455	502127.575565062	65986.2017218514	84931.4687515491	240412.453565731
1998-05-01	570529.49691083	299994.741389056	105260.073498416	252382.111727686	349164.247725657	25147.6126203	18860.709465225	125738.0631015	620524.877272191	80024.1505067325	91650.6433411238	271083.11523969
1998-06-01	591971.859087084	310976.405308185	109137.464055796	261972.895526021	362219.090311733	26094.5508913863	19570.9131685397	130472.754456931	644194.648997949	83046.9382418775	94901.8708923797	280933.939441437
1998-07-01	236712.257854398	152319.06177622	50961.7117334707	96056.9205011699	150805.635601609	10279.8473225916	7709.88549194369	51399.2366129579	229267.401652692	31923.016800705	58814.8590063904	145465.697844357
1998-08-01	48969.1657471653	45240.8674794789	13900.048599545	17026.0538143512	33524.7330441369	2070.76681948916	1553.07511461687	10353.8340974458	38534.1647649953	6155.31538103801	26572.7726241011	47703.9919359926
1998-09-01	29376.5995566523	30748.1225900391	9173.46133798387	9683.44430560289	20617.0984602962	1230.89603648801	923.172027366006	6154.48018244004	21517.7056605082	3603.99297967906	20873.4993667449	33549.6798528558
1998-10-01	43577.4073488146	41352.1862125063	12625.3750882761	14979.0328614176	29992.8173304965	1839.13766256287	1379.35324692215	9195.68831281436	33768.1206847151	5449.12589165345	25054.8281236333	43924.5204109902
1998-11-01	229404.411623092	149806.329533012	49947.4565553354	92507.5540048113	146578.637585035	9951.69715862335	7463.77286896751	49758.4857931167	220318.586113777	30848.9902314402	58840.9498869604	143644.11783428
1998-12-01	307105.356397288	186151.880187545	63164.259919919	127845.365389638	193339.890270266	13395.6238007991	10046.7178505993	66978.1190039954	307831.054802202	41900.5063057896	67065.5888552705	174890.406014505
1999-01-01	383034.749464364	220695.52993418	75785.5125467222	162947.131247257	238721.224775149	16770.0471497864	12577.5353623398	83850.235748932	395285.26604864	52778.1898829803	74969.0365663637	204484.446821312
1999-02-01	538976.57197822	293916.220185961	102246.176475615	234742.330136816	332252.414173611	23693.2513925327	17769.9385443995	118466.256962663	574073.643184126	75064.7036804811	93667.96415279	268252.903032663
1999-03-01	516906.24897856	278026.962926233	97032.872336274	226458.11047677	317775.763717568	22746.0742488527	17059.5556866395	113730.371244264	554935.624123722	72183.9538529466	87200.8303727206	252796.160780865
1999-04-01	438911.305409785	246959.732035484	85279.9092981746	188620.531881785	272257.296044773	19250.0198246211	14437.5148684658	96250.0991231053	459163.448686597	60757.2201285128	81613.4612117266	227337.159010022
1999-05-01	551039.67766143	292067.60591409	102286.218302305	242930.913664911	337772.12155397	24274.2924599078	18205.7193449309	121371.462299539	596587.626503616	77170.5867605916	90058.333042524	264497.247944169
1999-06-01	423034.98217105	240048.188642695	82728.2370476924	181141.990902389	262851.00466557	18542.1656317411	13906.6242238058	92710.8281587053	440410.61357358	58463.2492877868	80111.2886685902	221487.165364751
1999-07-01	94261.3252750455	74930.3406276675	23851.9015542666	34947.8230651754	62631.0443659027	4030.37613992308	3022.78210494231	20151.8806996154	80862.1697665127	12200.0267368019	36969.8837501162	75823.2521412204
1999-08-01	30401.8513515494	31334.9147867269	9382.50657908579	10087.5649305606	21271.3736602693	1275.29900920053	956.474256900399	6376.49504600266	22466.4946856563	3740.96434717819	20895.2627072333	34046.0328885202
1999-09-01	25380.484999152	27472.1875817829	8131.56125198278	8247.07517860627	17931.8662775539	1060.83358093946	795.625185704593	5304.16790469729	18235.7704765525	3093.47655223494	19389.8851559298	30252.0605673586
1999-10-01	30249.5275038341	31213.8839901797	9343.72842953401	10032.079150825	21169.6514478485	1268.8016746048	951.601255953597	6344.00837302398	22339.1345158333	3721.38606430809	20842.4068559383	33925.2409803312
1999-11-01	71696.0758447719	61145.7947781827	19144.1235312491	25794.6414395322	48308.9961180043	3049.71880753729	2287.28910565297	15248.5940376865	59069.8615172838	9153.35578961927	32732.9406730124	63077.8815328597
1999-12-01	91929.0520175721	73497.8324887097	23364.2282799348	33999.4720273847	61151.3038245556	3928.99113701894	2946.74335276421	19644.9556850947	78601.425429342	11884.8627357058	36505.7751650677	74490.902602711
2000-01-01	317556.4198274	191013.864883356	64931.4043761777	132630.667332284	199614.165585465	13859.3196437553	10394.4897328164	69296.5982187763	319713.973917653	43391.2072015776	68206.8686427822	179081.12827559
2000-02-01	378663.781095374	222127.138956533	75955.3707228723	159857.364090628	236840.916643636	16556.8040940666	12417.6030705499	82784.0204703328	386768.832436679	51994.1182239585	77042.0173395818	206824.730971977
2000-03-01	397347.220928491	227022.283162792	78112.8866431339	169645.11155465	247226.810195503	17407.4585971586	13055.5939478689	87037.2929857929	412043.1053214	54840.0571078032	76368.7140328993	209861.942065949
2000-04-01	478630.983481452	264006.07010623	91594.4309015558	207445.113261463	295723.347125007	21022.8054842063	15767.1041131547	105114.027421031	506466.389440225	66512.2962018506	85257.6443489315	241709.105794397
2000-05-01	384351.634745299	221279.891265482	76000.2828439621	163562.398772751	239504.418826997	16828.6785670259	12621.5089252694	84143.3928351293	396823.749302684	52967.7597817451	75098.8916722936	204981.653293516
2000-06-01	227502.562763383	148848.544242727	49605.781319839	91665.7543345299	145418.712408956	9867.80629922243	7400.85472441682	49339.0314961122	218252.437645134	30581.8702328726	58594.4673527695	142800.443571973
2000-07-01	51953.6340945576	47350.7095737013	14594.9053503922	18168.8418343566	35471.9753031461	2199.16780143484	1649.37585107613	10995.8390071742	41202.7152965311	6547.73057754559	27377.4134122976	49743.3604629882
2000-08-01	9191.0404032218	12466.5998431675	3498.99878449211	2712.02979226	6791.76632096494	377.834834051748	283.376125538811	1889.17417025874	5801.21890187427	1072.13554454172	11430.8235870915	14603.1281158509
2000-09-01	11248.6205916449	14676.167645159	4157.0259287282	3374.7175283058	8248.24409261026	463.743531161815	347.807648371361	2318.71765580907	7260.07684603681	1322.10510060244	12864.0176187415	17009.4562436523
2000-10-01	21543.9883039687	24031.8937649329	7063.01192811106	6911.01858577621	15312.683976885	898.487155294969	673.865366471227	4492.43577647485	15214.0848756695	2610.54270793888	17564.1337251931	26682.6372554282
2000-11-01	34588.0852722073	34870.9179868286	10495.7475952512	11585.4057714879	24094.2842445659	1453.26313154052	1089.94734865539	7266.31565770258	25886.2825355021	4274.4073496696	22665.142681631	37659.5003664322
2000-12-01	40766.8248218109	39281.6959385655	11950.0656149193	13921.6075550798	28143.9373751513	1718.58379034798	1288.93784276099	8592.91895173992	31313.8059196796	5082.52415770218	24226.5415518504	41900.4771174798
2001-01-01	41434.0047111872	39776.0800892938	12111.0913919665	14171.9915298723	28583.3395093079	1747.18867592892	1310.39150694669	8735.9433796446	31894.4526368025	5169.44925152514	24425.6608419532	42384.5454474524
2001-02-01	52246.3805656799	48680.2941917537	14926.8982761921	18099.6980282904	35828.8289394108	2207.97059571478	1655.97794678608	11039.8529785739	40912.9903429878	6556.41208872365	28876.0192924299	51450.2183020315
2001-03-01	144071.171170523	103898.609705778	33840.6160183075	55684.5172399493	93890.2372105998	6204.41584425594	4653.31188319195	31022.0792212797	130699.625838711	19003.397405326	45787.9269415401	102369.88578433
2001-04-01	106027.261286627	82657.9418018302	26432.7442900272	39638.5521372564	70176.4408414219	4539.95814631386	3404.9686097354	22699.7907315693	91978.3884603389	13774.9470903077	39871.8611724936	83198.0539195635
2001-05-01	149080.907646797	106671.192340321	34807.9490085534	57814.3179742987	97003.5306338069	6423.86732764007	4817.90049573005	32119.3366382003	135855.122732489	19694.2322397556	46583.9583690197	104876.074922759
2001-06-01	21953.6386019058	24567.4131711623	7214.95570878712	7032.79718147276	15613.7935752811	915.355779852724	686.516834889543	4576.77889926362	15474.8860230631	2658.52417167443	18022.3518951501	27301.1626353898
2001-07-01	4081.99457450285	6670.63721559789	1791.84975513545	1112.31917070795	3130.29787188867	165.522233856891	124.141675392668	827.611169284453	2315.0719171228	459.216839091188	7591.66369725171	8222.88357156067
2001-08-01	2912.60417306599	5143.10102534777	1356.53879246782	767.822233415169	2268.23587004383	117.432833793735	88.0746253453014	587.164168968676	1579.9784549381	322.761114192176	6403.5380198516	6475.85497262448
2001-09-01	2386.46436046979	4444.5595084994	1157.67532432926	614.965636623723	1878.29079156801	95.8431606597101	71.8823704947826	479.215803298551	1255.57428434549	261.731022433665	5886.39959479109	5678.52263149544
2001-10-01	2237.56625843531	4197.62131083263	1091.48651121789	574.809985530128	1763.64471297247	89.8152412849449	67.3614309637087	449.076206424725	1172.33696157046	245.054504970582	5606.36992220052	5373.70164988611
2001-11-01	26229.2439033357	28177.3342191592	8355.1283342155	8550.41076214522	18503.7195948901	1096.91858334755	822.688937510663	5484.59291673775	18927.489386028	3201.62587714342	19714.1806042544	30964.4635640722
2001-12-01	143363.717958652	103505.308861855	33703.5419162132	55384.3351965292	93450.1968936093	6173.43614184142	4630.07710638106	30867.1807092071	129973.47257952	18905.9262715154	45674.4158792703	102013.935006681
2002-01-01	369396.280396581	214616.031068856	73553.5005357227	156587.363569331	230602.674794743	16163.0267038372	12122.2700278779	80815.1335191862	379393.17254672	50816.6172654345	73610.9368851602	199305.247079263
2002-02-01	232180.674222931	153614.804202566	51059.7277741248	93105.4456328704	148738.908280756	10062.4474887134	7546.83561653507	50312.2374435672	221316.893372907	31143.0112378729	61258.8097467961	147824.334759741
2002-03-01	206010.338588836	136858.303572347	45446.284419005	82466.8740428531	132081.092488887	8925.57003648784	6694.17752736588	44627.8501824392	195910.7034384	27610.7520354862	54835.9548631178	131846.972831982
2002-04-01	351911.721383671	208308.027214653	71078.5139152049	147991.149762405	220504.448875264	15376.8621141301	11532.6465855976	76884.3105706507	357583.839829465	48235.9426180169	73010.1963686656	194438.211095492
2002-05-01	251044.86955874	159376.589447348	53492.7447362147	102462.117809798	159507.981242688	10913.1082999365	8184.83122495241	54565.5414996827	245040.65079102	33944.8999166302	60584.3707736949	151644.240863639
2002-06-01	147354.001993554	106516.607826692	34674.076980254	56896.0738953483	96074.6325647479	6344.6912716765	4758.51845375738	31723.4563583825	133497.119595948	19427.5102313952	47070.058178445	105017.071740059
2002-07-01	25468.0203065806	39989.6061027097	8699.46122222763	9121.56517998993	19489.5244214855	1161.78951963961	871.34213972971	5808.94759819807	20252.3515111723	3399.33289822319	19951.3811798459	31907.7093755286
2002-08-01	10717.5616908387	13132.5645460645	2873.751245203	2086.58617290331	5407.90398480663	296.389266537722	222.291949903292	1481.94633268861	4427.55196283032	835.471186156754	10134.3005758375	12333.223012487
2002-09-01	7152.1440768	7274.4726528	2401.20255399181	1624.82913894287	4370.02853005114	235.677822856077	176.758367142057	1178.38911428038	3417.91131831739	659.600842592749	9196.28984618742	10620.4063947818
2002-10-01	12966.829056	17378.5499581935	3121.45846745581	2329.47258385679	5951.00483347904	328.207023913444	246.155267935083	1641.03511956722	4959.68281512281	927.739289823376	10659.9053556267	13240.1300661815
2002-11-01	32188.7259648	59712.6555648	10439.7445066567	11503.1530837407	23945.5457277704	1443.70579778748	1082.77934834061	7218.52898893738	30028.40331264	4245.53198979393	22591.1078830351	37486.9906973888
2002-12-01	397179.583580999	226948.486037678	78085.7129628274	169566.521547497	247127.268971309	17399.9905307733	13049.99289808	86999.9526538665	258861.472715148	54815.8876878054	76352.4660866045	209799.288494231
2003-01-01	667715.183718714	338646.11483929	119836.813285114	299965.935904705	405717.428522922	29509.624501687	22132.2183762653	147548.122508435	608098.508162477	94315.8255369911	99216.0001579592	302998.522369168
2003-02-01	381851.502418611	260472.489325714	76954.5819381498	160781.368315184	239126.167467028	16688.6551994228	12516.4913995671	83443.2759971142	255939.341809371	52369.3302800038	78726.1152011904	210201.048263422
2003-03-01	408099.336727334	231740.799619927	79851.624407087	174692.547095104	253607.329968401	17886.5641804899	13414.9231353674	89432.8209024495	342009.389647277	56391.2061842247	77403.8376935655	213864.525852261
2003-04-01	408755.191789471	389820.39552	80418.7797291416	174438.946417588	254376.849979906	17905.8764449382	13429.4073337037	89529.3822246911	423622.552017413	56403.2393411181	78736.1168451955	216170.387284306
2003-05-01	501397.270889823	271577.564454076	94625.9909238989	219008.247191923	308670.440970986	22052.2644198631	16539.1983148973	110261.322099316	439915.657361342	69923.0085864346	85871.6133974931	247405.37001552
2003-06-01	361083.846446829	212478.681689837	72602.5648591057	152232.037771485	225985.956647597	15784.4980598229	11838.3735448672	78922.4902991146	278479.37221632	49550.0455986231	73963.6024008441	198010.634367416
2003-07-01	86340.2981574194	129036.917264516	19095.2725969805	25988.1952238619	48415.6235136168	3063.46864237384	2297.60148178038	15317.3432118692	45474.6616072258	9203.98947572793	32268.1938761637	62647.7085966505
2003-08-01	53508.8867922581	62821.6429006452	11009.4887429238	12481.7255197697	25596.278670409	1553.3230027903	1164.99225209272	7766.61501395149	16008.4699069935	4581.1205297763	23041.9127204071	39053.9763875782
2003-09-01	23071.1694336	34088.896512	7178.23956867655	6985.17497285782	15521.8648862722	909.614354524022	682.210765893017	4548.07177262011	5938.64460288	2641.39520288787	17966.2092656656	27181.8910074084
2003-10-01	29034.8174973053	30243.638445269	9033.24732045453	9590.59746987527	20357.6178305476	1217.00853639168	912.756402293763	6085.04268195842	4425.13758472258	3565.4179069371	20416.0940981176	32955.5153757777
2003-11-01	45966.4437697219	43413.6303303244	13269.5229971978	15832.1554106025	31607.3882894426	1940.63889602872	1455.47917202154	9703.1944801436	24102.8070912	5753.14752414461	26160.0942528891	46054.5681688436
2003-12-01	141737.607801112	102599.596507284	33388.0202155783	54694.9061934801	92438.3694562348	6102.23783644311	4576.67837733233	30511.1891822155	323148.690877935	18681.9664588142	45412.448652723	101193.81369869
2004-01-01	197923.948219751	132700.439275211	43970.2733860272	78919.2898718411	127128.832727842	8569.42284495458	6427.06713371594	42847.1142247729	300994.591156026	26479.5761845727	53739.8370550396	128163.574595313
2004-02-01	372999.953207701	219562.910414727	75017.3838566132	157233.73058224	233458.985972508	16305.0065987987	12228.754949099	81525.0329939934	240469.296474041	51181.9676247646	76458.7868671615	204630.924343926
2004-03-01	403482.884362993	229718.43062367	79106.0894046466	172523.797577155	250868.787433684	17680.8323467657	13260.6242600743	88404.1617338284	325782.306736723	55724.9893847269	76961.0812320598	212149.829749791
2004-04-01	361896.495597271	212847.020620373	72737.2657293747	152608.293697774	226471.308629216	15820.6230547984	11865.4672910988	79103.1152739918	338359.21016832	49666.5474188497	74047.4919720626	198325.862891725
2004-05-01	335457.868712049	199257.635179143	67934.8807758498	140863.035892917	210339.544835012	14654.171010825	10990.6282581187	73270.8550541249	295742.354554219	45949.660852312	70119.3094460548	186166.988337395
2004-06-01	153367.019823776	109850.041912814	35836.6262767088	59450.5686310935	99812.6624186026	6608.05894557378	4956.04420918034	33040.2947278689	167696.98274304	20256.4251838262	48028.983941373	108031.612897021
2004-07-01	31342.2294451175	32079.0555416265	9621.15819674059	10430.708160006	21898.8496227798	1315.4226685924	986.567001444298	6577.11334296199	40139.5572603871	3861.92796524055	21218.7039061984	34787.8743771949
2004-08-01	6514.03147338568	9562.09456146573	2634.29002243571	1858.29678146454	4889.84308971443	266.233037696759	199.674778272569	1331.1651884838	6777.0031104	748.270581005844	9609.17768539659	11445.9001983293
2004-09-01	6876.90115844337	10045.2478672913	2770.60271309115	1965.94064530953	5157.18951495789	281.165474779236	210.874106084427	1405.82737389618	3902.2815744	790.70954138028	10037.3102342081	12008.0583535077
2004-10-01	21286.0683289347	23809.9231671085	6993.21826903679	12793.2013997419	15137.6864120486	887.550099940472	665.662574955354	4437.75049970236	15008.1002538143	2577.90309830627	17457.7886952709	26456.2062977397
2004-11-01	38566.5819328421	37922.2617008117	11481.5682001179	26969.3733888	26732.5009232796	1623.40730843713	1217.55548132785	8117.03654218564	29265.0729984	4789.29855398568	23944.2501510058	40675.5019379317
2004-12-01	167471.766627097	132114.86208	44766.5973087314	101548.502412387	129797.434265221	8761.22747578844	6570.92060684133	43806.1373789422	198532.965115045	27088.6197267832	29272.044411871	130152.949205856
2005-01-01	200726.34860627	160605.58203871	44482.9733156021	70950.57408	128846.103594626	8692.82105014822	6519.61578761117	43464.1052507411	125132.268040258	26871.364374576	26099.3936020645	129444.980438464
2005-02-01	233472.825051429	145571.00544	41690.5782356591	66144.8085942857	117631.617185705	7836.5372958803	5877.40297191022	39182.6864794015	124515.636183771	24088.8884196137	42727.6240457143	124220.063439689
2005-03-01	292799.365780645	188307.085378065	44188.5511783126	60532.9147045161	127859.56352056	8621.91781529928	6466.43836147446	43109.5890764964	188379.693307045	26646.2285454411	54613.7900593548	128709.380254382
2005-04-01	344069.508096	252567.733248	50522.4650894771	55537.173504	148533.504633808	10093.1800103864	7569.88500778978	50465.9000519319	273928.74918912	31299.6300602471	72744.726528	145062.101648785
2005-05-01	486341.475245308	265272.670843208	92276.912402067	211588.975649032	299818.873047256	21379.0747517599	16034.3060638199	106895.373758799	464059.372180645	67731.1143491179	100861.883953548	242125.259160867
2005-06-01	334527.879168	394061.119488	50952.3473566101	89055.203328	149997.27529314	10199.1999504985	7649.3999628739	50995.9997524927	181656.30431232	31637.4294601822	41836.372992	146120.705192315
2005-07-01	108596.206823226	105518.262007742	15149.5969025017	13716.5848443871	37036.9699824569	2302.7001380895	1727.02510356712	11513.5006904475	44271.895479329	6864.60076111646	16857.6669894194	51361.4615173234
2005-08-01	20219.729787871	23187.1842766452	3854.00408741775	449.853473032258	7595.52962005591	425.658304091996	319.243728068997	2128.29152045998	7720.11697052903	1211.77483799436	12161.8281042581	15865.8042812822
2005-09-01	14744.6710272	9427.4555904	3073.32500187906	848.1447936	5814.82862692843	319.523047523666	239.64228564275	1597.61523761833	4322.276352	901.723792107095	11131.900416	13125.62600165
2005-10-01	15798.3153558249	18923.2361913649	5469.0568533645	7489.66571767742	11389.0432790392	655.42239677845	491.566797583837	3277.11198389225	10709.6058229933	1887.99182409927	15020.9682946457	21424.2122067147
2005-11-01	87635.3693571368	71373.7124476092	22590.2884755976	99396.0456192	58510.1389481789	3740.38515559844	2805.28886669883	18701.9257779922	95844.439296	11289.0490125459	36219.8517796675	72705.6374492633
2005-12-01	936530.871113481	439491.252487092	158394.419580009	434924.531570899	560332.078550859	41627.095707387	31220.3217805403	208135.478536935	1087363.66112851	134300.069088501	117671.169356051	384953.295535363
2006-01-01	1014811.44154736	467531.560340274	169233.311556738	475003.252944914	604946.333599846	45167.7222768908	33875.7917076681	225838.611384454	1190785.25664525	146048.204699222	122531.995165438	407452.614060393
2006-02-01	760687.969807426	383276.692414015	135840.021096716	342692.484386205	461606.835543193	33634.7810526079	25226.0857894559	168173.90526304	847867.704405124	107585.58258821	111440.695680721	342315.514495583
2006-03-01	377164.632164949	218085.055150617	74826.5736128308	137165.848443871	235228.575232951	16508.7346768109	12381.5510076082	82543.6733840547	388435.866791041	51933.5228121808	74387.4868176322	202261.996328224
2006-04-01	458974.687039067	255612.602833931	88481.5202645245	146794.2912	284122.169466092	20145.1732004759	15108.8799003569	100725.86600238	482989.840354499	63661.468663636	83473.7798303909	234642.263288522
2006-05-01	754597.510905386	372114.018420719	132554.03274078	343088.783540131	455955.097048359	33418.3526113304	25063.7644584978	167091.763056652	851536.532639972	107171.869795348	105528.313897725	330393.024390896
2006-06-01	395080.144615931	227731.27933631	78193.8211173515	149648.62464	246248.895063989	17296.8855529102	12972.6641646827	86484.427764551	407617.737927591	54433.4789798106	77396.6743208208	211027.622799372
2006-07-01	76298.57620726	63667.2987050595	20036.2567880651	17678.4522735484	51187.6292535088	3250.70627822621	2438.02970866966	16253.5313911311	18641.2965491613	9782.36396553252	33231.5241853511	65287.9574388862
2006-08-01	22977.9137933917	25255.0881192139	7448.4195640338	3890.83793341936	16283.8843084759	959.332167088967	719.499125316725	4796.66083544483	5570.29089940645	2792.31795800966	18144.1916404981	27927.3956685585
2006-09-01	20961.9657874014	23707.8873985992	6945.14854776277	2177.4486528	14939.9985189876	873.32597588674	654.994481915055	4366.6298794337	3668.22623232	2533.20149171576	17607.1516763652	26422.6592660171
2006-10-01	23660.7142482581	29272.7907564512	8723.27261024047	7229.22423329032	19551.2806284438	1165.71256199022	874.284421492664	5828.5628099511	4036.05379138065	3411.12543694978	19984.7593516947	31982.6434633919
2006-11-01	45343.125504	77642.1547029567	24719.9202621008	59908.3812864	64940.5237366368	4179.93077844294	3134.9480838322	20899.6538922147	90961.08254208	12653.9907849431	38271.3263319906	78549.6791696694
2006-12-01	134324.668614194	194590.287761719	66233.3179942071	136183.970592206	204253.902216914	14202.8327588473	10652.1245691355	71014.1637942364	971619.57520351	44496.422712192	69039.9824233343	182158.213921048
2007-01-01	101730.022234839	157664.563043242	52878.0262316033	125327.599153548	157388.336580689	10758.6503502722	8068.98776270412	53793.2517513608	228675.515458065	33451.4420200676	60157.6504546153	150147.528649979
2007-02-01	178512.343405714	132801.196646115	43692.7516149578	87639.6869485714	124194.556571111	8303.24994941623	6227.43746206217	41516.2497470812	80933.4596571429	25563.8697467061	55691.1142146518	129322.481970991
2007-03-01	367853.86628129	214192.729678687	73398.2544801823	165419.803416774	230039.422592248	16120.9639622901	12090.7229717176	80604.8198114507	309929.312503742	50680.7661307341	73515.883929834	198944.189332813
2007-04-01	254443.43808	148987.109687718	49655.2028969403	114173.3376	145586.412067678	9879.93236793668	7409.94927595251	49399.6618396834	190564.27121664	30620.4774775126	58630.160495053	142922.5275993
2007-05-01	222164.478348387	268807.180552258	43570.1785117362	124064.852562581	125790.914880057	8473.35948461612	6355.01961346209	42366.7974230806	191515.250935742	26174.6823801214	53440.2671743052	127162.133974486
2007-06-01	46631.6531712	86445.52704	15972.3609218389	40074.8414976	39172.1532866223	2439.16664474868	1829.37498356151	12195.8332237434	37527.96054528	7276.34424129223	29300.636641444	53996.7493869652
2007-07-01	11419.9644820645	25641.6479628387	5795.40441477826	7679.07770632258	12179.2681092515	703.987198092354	527.990398569266	3519.93599046177	6547.34107416774	2031.84763596382	15562.9276476414	22516.777669771
2007-08-01	7560.69521341935	14008.5949935484	1835.66176687048	3788.23977290323	3219.05437329705	170.527668738601	127.895751553951	852.638343693004	3453.61192629677	473.488642956848	7704.64645496396	8395.12779628416
2007-09-01	6206.1364224	12575.3776128	1650.82679868787	4681.1068416	2832.3006461185	148.466695363679	111.350021522759	742.333476818393	2043.57471660389	410.310210400185	7313.03610103061	7700.03521628351
2007-10-01	38600.5848526452	66452.0393496774	12501.567202367	38142.8392134193	29652.6610226435	1816.92070405309	1362.69052803982	9084.60352026545	81443.9982509419	5381.51395479188	24904.28757884	43554.615808342
2007-11-01	34415.106048	69237.974016	13423.7364962851	47284.0722432	32032.9328420926	1968.49132353985	1476.36849265489	9842.45661769926	36287.1506813548	5837.98868309406	26345.6003082697	46513.5113985136
2007-12-01	70319.2007845161	96442.2708851613	25799.8568303947	58954.4814658064	68588.4985116478	4440.1093810844	3330.0820358133	22200.546905422	90062.8056328504	13475.8715735579	38788.0770853168	81107.5456582481
2008-01-01	125090.834167742	100546.197305806	33551.265872232	75054.5005006452	92961.6850247336	6139.05514625399	4604.29135969049	30695.2757312699	129168.076280048	18797.7693181218	45548.1056097367	101618.267340775
2008-02-01	169657.080231724	89342.0427475862	41609.8580990035	82508.5153986207	118018.219733391	7882.09152141016	5911.56864105762	39410.4576070508	169312.2186066	24255.98045376	53320.3593491658	123397.971515019
2008-03-01	242684.110451613	170944.319752258	55883.9087102534	101887.86555871	167789.254120033	11517.8374639222	8638.37809794169	57589.1873196112	260200.225453606	35878.6827828028	62226.4440581615	157443.335143555
2008-04-01	300275.877888	296606.020608	51015.0637110588	81960.14592	150210.990571903	10214.6848964719	7661.01367235395	51073.4244823597	265564.73668608	31686.7754483034	59606.9284005438	146275.040799452
2008-05-01	488334.757641918	266109.940522357	92588.6389111498	212751.047851493	300991.469395061	21468.1803901794	16101.1352926345	107340.901950897	704000.95488	68021.1338840543	84736.1745494264	242827.025480896
2008-06-01	195562.616832	420728.749056	45665.5636354734	118984.928256	132135.148579844	8910.29224474821	6682.71918356115	44551.461223741	184843.37147904	27537.5385811741	55702.6154792385	133009.84324963
2008-07-01	32129.0085739355	52956.4351587097	12214.7971785924	15160.8512578065	28866.8167054153	1765.65824575956	1324.24368431967	8828.29122879777	25816.0648357161	5225.59563376525	24553.3558326836	42695.8173792592
2008-08-01	11522.5626425806	16021.0973729032	3950.26829400834	1499.51157677419	7815.54415199459	438.808551928587	329.10641394644	2194.04275964293	6622.31665300645	1250.24944062539	12311.0582352882	16205.2948576523
2008-09-01	8603.776512	8669.0184192	3196.49621234532	530.090496	6085.40131783017	335.389240499937	251.541930374953	1676.94620249968	4587.3216	947.752820619468	10954.5415545775	13575.7984011828
2008-10-01	20267.0827850323	32444.6952216774	5693.35760488772	8491.97082425806	11931.3974904836	688.730936439665	516.548202329749	3443.65468219833	9641.07022203871	1986.62632277115	15394.7648952365	22176.1003758129
2008-11-01	103571.52768	122491.680768	15830.5553317057	45742.7321856	38769.9081079775	2412.48704260814	1809.36528195611	12062.4352130407	73459.12541184	7194.59492928033	29141.2762069913	53585.0864455826
2008-12-01	37487.7894193548	59743.6980851613	14790.6833855451	39839.6549450323	36023.2882476288	2235.60646071439	1676.70484553579	11178.0323035719	41963.2773425767	6659.20894345477	27601.4180304222	50315.4476824102
2009-01-01	46011.3289083871	111516.308314839	23221.8794539345	68109.3942503226	60720.2881943897	3899.48998897834	2924.61749173375	19497.4499448917	77944.8208423441	11793.197325297	36369.5971590232	74101.2573652753
2009-02-01	84581.4725485714	127221.71904	27709.5111956517	53300.3081142857	73313.8582534106	4735.08386375138	3551.31289781353	23675.4193187569	95640.2695401536	14356.4372756082	42153.5702561155	87487.0559936387
2009-03-01	250655.198307097	273463.558606452	48015.1615139812	83420.1966658064	140760.246310865	9551.83702968521	7163.8777722639	47759.185148426	211269.815367543	29602.8308195478	56711.2335463041	138217.611170147
2009-04-01	302640.897024	378892.376064	41317.7399321326	86445.52704	117686.20056154	7875.94680551744	5906.96010413808	39379.7340275872	169814.686326952	24258.9980807768	52396.5395728179	122065.842146686
2009-05-01	378823.977290323	193342.603570878	65778.9352105327	196909.546529032	202632.935067569	14082.7621543192	10562.0716157394	70413.8107715959	325456.188837247	44110.0249203391	68749.9449960343	181085.258811105
2009-06-01	140514.757632	186102.540288	28790.4993210655	59149.9441152	77471.1330036853	5044.4684603305	3783.35134524788	25222.3423016525	170486.07427584	15349.8074402458	42010.6155650794	89527.6950390671
2009-07-01	23526.5474229677	26067.8249372903	5558.66641315259	3417.30796180645	11605.3051103757	668.691868033562	501.518901025171	3343.45934016781	14602.0858913032	1927.26985930443	15171.0037235045	21725.1111417777
2009-08-01	9652.11925470968	11767.2197945806	2245.16188883886	678.726292645161	4063.97540925511	218.600973348136	163.950730011102	1093.00486674068	7385.48912392258	611.098906112543	8714.35634942628	9978.81498698882
2009-09-01	6931.95264	10267.4451456	1643.75791998098	1785.9972096	2818.26813739848	147.683039297132	110.762279472849	738.41519648566	5588.78487552	408.085489627379	7293.86988511431	7671.73110931199
2009-10-01	45885.0542492903	37053.7202787097	7323.9302276129	10914.8658456774	6277.82630915029	347.447118381615	260.585338786211	1737.23559190808	12864.2308954839	983.653776122722	10965.3237943572	13775.5194349489
2009-11-01	38329.62048	39552.90624	11172.676608	25729.777152	15165.3715093291	887.370675519424	665.528006639568	4436.85337759712	26789.958144	2575.06144371473	17746.9939370037	26717.6222563811
2009-12-01	52798.5918348387	43327.9924025806	14276.928644129	32357.8813935484	21956.226440884	1319.09539736478	989.321548023586	6595.4769868239	72663.174144	3873.00547947887	21248.0601363115	34855.4325997154
2010-01-01	214430.15547871	126906.032392258	45435.2007762581	97547.1741522581	117407.243505783	7872.9580535011	5904.71854012583	39364.7902675055	170373.144963784	24271.2595002184	51527.8191167478	120822.583071602
2010-02-01	260035.601554286	96290.0648228571	24640.4703085714	63698.2370742857	105918.226630853	7007.85517818927	5255.89138364195	35039.2758909463	130358.573238857	21475.9540454535	51198.710876009	114925.442049721
2010-03-01	381823.000443871	155633.517336774	35854.1110172903	71108.417403871	123664.56754347	8320.82439816237	6240.61829862177	41604.1219908118	172633.243317677	25690.7482518763	52961.0525148157	125564.859148988
2010-04-01	455633.169408	261212.285952	58228.402176	109687.95648	190820.113607505	13181.3180018857	9885.98850141431	65906.5900094287	263039.0593536	41175.1462465713	67640.3367478439	174672.11004614
2010-05-01	383835.058407635	221050.717936628	87208.4364387097	157527.637223226	239197.208884557	16805.6787380725	12604.2590535544	84028.3936903625	332094.461258323	52893.3934833212	75047.979569312	204786.672918417
2010-06-01	538070.005801016	288923.234930481	118903.375872	235899.717779564	330675.691311562	23680.3039601847	17760.2279701385	118401.519800924	578215.369606502	75164.0123753076	90441.5195217988	262582.457364123
2010-07-01	217034.570322581	85351.0257230501	44653.8763230968	33589.0593197419	73593.1435203459	4786.12943934454	3589.5970795084	23930.6471967227	70066.6514663226	14555.8450227385	40258.6181606403	85455.3596166142
2010-08-01	32247.3910668387	32278.9597316129	4577.45639225806	2044.07104412903	12975.0440369876	753.102420581631	564.826815436224	3765.51210290816	11246.3368258065	2177.60984728284	16092.1777299976	23598.6396916295
2010-09-01	19751.9874048	17207.553024	4191.7925376	4346.7420672	11829.8571990306	681.021979174156	510.766484380617	3405.10989587078	8465.1374592	1962.02920831338	15564.2483555671	22223.6256677607
2010-10-01	64005.4678296774	45261.57312	13400.8981966452	31055.6739716129	35259.7928690214	2185.15360379448	1638.86520284586	10925.7680189724	40910.5831595207	6504.86971700631	27290.7641655206	49522.5712515342
2010-11-01	145978.76736	114173.3376	46297.2883968	91338.67008	86048.472864608	5641.66975685201	4231.25231763901	28208.34878426	117139.958262439	17219.5516761697	44407.2856518383	96776.5108689192
2010-12-01	357199.44192	206697.759273769	71266.2607277419	148418.43435069	220110.843536042	15380.6366176873	11535.4774632655	76903.1830884367	359009.449603888	48291.3183897109	71821.9618744892	192541.545143246
2011-01-01	315765.569403871	199987.491344516	60217.2280567742	148262.376121528	219909.685017293	15365.659459748	11524.244594811	76828.2972987401	358620.370944848	48243.0106786185	71787.2736375805	192411.061854122
2011-02-01	199570.333988571	146881.668754286	33902.4910628571	104241.422262857	125366.334752743	8386.75177040863	6290.06382780647	41933.7588520431	180702.544119885	25828.0083816342	55968.1272441257	130226.07121928
2011-03-01	502494.221543226	201881.611230968	51693.6885677419	163920.29184	247664.484699602	17440.2974028263	13080.2230521197	87201.4870141316	412908.354584316	54946.3389646306	76440.1183247478	210137.3472852
2011-04-01	703307.759616	267757.235638349	76903.898112	192382.073856	300936.786645122	21417.9445702087	16063.4584276565	107089.722851043	517072.807950137	67796.9025956982	86048.5280786505	244861.425260138
2011-05-01	690959.150245161	232331.117568308	101493.257249032	224374.284882581	254407.773136589	17946.7247056415	13460.0435292311	89733.6235282074	426275.024525945	56586.0623132541	77532.8237232194	214364.80520214
2011-06-01	526731.125810934	284220.814688771	150301.043712	230446.645729589	324022.244048984	23172.9459031582	17379.7094273687	115864.729515791	564443.662382063	73510.1194551053	89475.4176615671	258654.831754856
2011-07-01	290589.559246452	143472.464876674	88471.1830296774	140954.088216774	140032.886332448	9499.25301562225	7124.43976171669	47496.2650781113	209975.711065644	29435.4269653277	56556.2080771237	137687.696993017
2011-08-01	49720.6470193548	63453.016196129	14387.4189708387	10244.0317192258	27585.9671101349	1682.30239277649	1261.72679458237	8411.51196388245	30578.9066271801	4972.3284239818	23971.566579775	41282.9610197667
2011-09-01	21807.1074816	23560.4837376	4974.695424	1614.7372032	18879.0974712759	1120.6455366545	840.484152490877	5603.22768327251	19383.7238343295	3272.79040408154	19924.4909341424	31429.0050189663
2011-10-01	40486.8125729032	44890.6413089032	11861.9257889032	21924.4376856774	26516.9557671444	1612.92617878482	1209.69463408862	8064.63089392412	29178.6649361192	4761.79719724533	23476.1709361017	40090.7495882506
2011-11-01	41265.506304	48442.116096	13072.8471552	25648.224768	29531.0779366524	1805.10006123725	1353.82504592794	9025.50030618624	32950.9320836148	5340.76655110116	25237.5740333561	43791.8227512691
2011-12-01	41015.587707871	52246.1402012903	17457.471620129	37101.073275871	37431.6410677263	2328.85542584346	1746.64156938259	11644.2771292173	43915.9455239391	6944.71368124568	28166.4161599054	51766.7118112662
2012-01-01	80721.0758276129	107333.460232258	40273.7240856774	66659.2874837796	109779.106444698	7329.09746702818	5496.82310027114	36645.4873351409	157325.966012695	22550.4975398388	49730.9317485365	114951.899281854
2012-02-01	72300.4066427586	88414.0328606897	31636.7006896552	71878.5839668965	83445.8513087638	5447.9107885565	4085.93309141737	27239.5539427825	112240.13753822	16596.9320428349	44396.6977381448	95430.4290372788
2012-03-01	224611.049868387	133456.530332903	47005.7418487742	89970.6946064516	176466.103619549	12153.5544544321	9115.16584082406	60767.7722721604	276233.852731157	37914.5471345876	63906.4482374762	163440.594997104
2012-04-01	542917.18758601	290926.482920395	101624.439484915	238234.270107616	333517.968120878	23897.2463813952	17922.9347860464	119486.231906976	584114.273728033	75871.5008829866	90851.4298067959	264254.051462328
2012-05-01	603435.02715871	223812.253048348	117356.511298065	245604.211943226	242904.126803174	17083.3324549064	12812.4993411798	85416.662274532	403512.851515371	53791.3273600848	75660.2625002514	207135.090661555
2012-06-01	201108.178944	252730.838016	70950.57408	106262.756352	99734.8429942116	6602.56940118632	4951.92705088974	33012.8470059316	139549.982153907	20239.1382350259	48009.1951172828	107969.156181076
2012-07-01	35846.2188510968	58244.1865083871	17291.7361300645	20724.8284242581	24282.9267023937	1468.54282758672	1101.40712069004	7342.71413793359	26286.6203589981	4324.45193036474	22409.4783101924	37558.1322472355
2012-08-01	10054.6197305806	16518.3038430968	2904.31715922581	3030.59181832258	6164.2478182084	340.753089313056	255.564816984792	1703.76544656528	5171.14883872107	964.190127218988	10860.0529518575	13590.2945904815
2012-09-01	6450.7935744	9990.16704	2568.900096	2087.7410304	4556.95819131412	246.434650802392	184.825988101794	1232.17325401196	3591.98395597216	690.547330843292	9402.08178483159	10955.4114082245
2012-10-01	12808.985732129	21316.7408887742	6329.51728722581	8705.05931148387	9970.39053494947	568.799797443414	426.59984808256	2843.99898721707	9146.48733295243	1632.14038742867	14001.4038193479	19411.875969352
2012-11-01	40050.3757824	48442.116096	20021.110272	38264.3785728	38625.9911723445	2402.94590098576	1802.20942573932	12014.7295049288	45305.558645679	7165.36577176117	29084.070318001	53437.5321433009
2012-12-01	349609.622386869	205703.250929078	70289.3331292725	147401.716058216	218799.798302049	15283.0395592406	11462.2796694304	76415.1977962029	356474.831154538	47976.5494613672	71595.6125445028	191690.567927937
2013-01-01	154765.379055484	108675.128485161	28238.1706405161	62584.8779148387	84229.6613810234	5526.55880652791	4144.91910489594	27632.7940326396	114907.867779444	16873.8170383147	43235.0246248724	94451.4958713831
2013-02-01	140590.484845714	101008.452754286	24989.9805257143	57931.3184914286	93424.2441801321	6130.57444424067	4597.9308331805	30652.8722212033	127494.479001097	18719.0031893686	47913.4280719202	104712.589128306
2013-03-01	292246.914147097	153818.319112258	31347.6841207742	67241.2559690323	130363.29814619	8801.93211411807	6601.44908558855	44009.6605705903	192892.609425592	27217.9176046919	54457.9749422703	130573.42172955
2013-04-01	396752.34816	303048.658944	50399.373312	103571.52768	174415.781284869	11977.3781131377	8983.0335848533	59886.8905656887	270775.465904212	37316.6281655556	64502.8994746421	163409.969250685
2013-05-01	283249.844686452	240868.912227097	41182.3395311519	89339.3213109677	117846.694989836	7904.36157172701	5928.27117879525	39521.807858635	171129.698396442	24370.7208557062	51629.6335504111	121157.730909542
2013-06-01	63121.545216	82204.803072	23748.0542208	20738.7712512	33369.2503289541	2056.1113443892	1542.0835082919	10280.556721946	38089.3381439249	6105.0993627263	26920.7063175912	47944.5982684896
2013-07-01	18270.3647380645	20211.8376216774	3851.37710245161	3717.21027716129	9843.92190421906	561.115221433183	420.836416074887	2805.57610716592	9009.05714358848	1609.4920874684	13907.2838406826	19229.0088373556
2013-08-01	8365.69616516129	8018.44085264516	1925.68855122581	2438.67935380645	4233.95458742793	228.356599564228	171.267449673171	1141.78299782114	3312.19681141563	639.132152435989	8905.07625151018	10286.6312850416
2013-09-01	10813.8461184	11947.424256	3449.6658432	13105.4681088	4359.03029567848	235.045858353901	176.284393765426	1175.22929176951	3407.71204495823	657.783916205138	9184.05372739157	10600.5818426677
2013-10-01	19454.1896670968	27433.1696887742	11317.3663215484	21782.3786941935	14355.1080427315	838.74291644694	629.057187335205	4193.7145822347	14092.4223759398	2432.38285394693	16974.9617869405	25435.183944123
2013-11-01	22826.5122816	35801.496576	9916.7698944	12436.73856	15838.697769392	929.411536013855	697.058652010391	4647.05768006927	15739.5940151768	2700.47046127468	18159.0516047265	27592.1993587525
2013-12-01	23289.7824371613	35041.2178993548	10607.071364129	12414.3774224516	16798.3884835465	991.662942683546	743.747207012659	4958.31471341773	16980.1262240529	2889.03603818097	18444.871570883	28579.0077430237
2014-01-01	23431.8414286452	39697.5959535484	10378.1985445161	16502.5195107097	18234.5929747926	1082.25037545841	811.68778159381	5411.25187729206	18715.2215189282	3160.4803801961	19261.95998474	30371.3347218912
2014-02-01	70199.1271131429	124338.259748571	41421.2327336159	70465.6706996323	116752.45683116	7774.14474854023	5830.60856140517	38870.7237427012	166073.489912522	23891.8839764891	53902.1902167057	123531.032657199
2014-03-01	177336.974369032	180257.075860645	61554.3426271047	123524.290551288	187647.840901701	12975.808627447	9731.85647058525	64879.043137235	297112.630759611	40552.0875705117	66015.0066478858	171058.050928618
2014-04-01	114744.204288	164409.606144	40205.325312	63937.069056	77601.6166727656	5053.52217368265	3790.14163026199	25267.6108684132	103630.60234047	15378.1098210568	42047.9867832839	89639.4743111636
2014-05-01	54298.1034116129	96836.8791948387	33297.0491705806	44353.9740077419	36575.7691876852	2272.1590050791	1704.11925380932	11360.7950253955	42727.6253299506	6771.08557598026	27824.280985104	50886.4804176774
2014-06-01	13390.9014528	24800.0799744	11009.57184	9818.9070336	14172.5014660344	825.602741719177	619.202056289383	4128.01370859589	13795.6935511921	2391.10239787637	17123.29748978	25409.3942056955
2014-07-01	3512.01395612903	8381.48049754839	3180.542976	2146.66920464516	3713.2393993098	198.55681331755	148.917609988163	992.784066587752	2834.81162551206	553.609946221979	8308.53369212392	9332.87622735623
2014-08-01	2675.4443396129	5674.46749316129	2059.85537651613	702.402791225806	2748.62714399469	144.107068112051	108.080301084038	720.535340560253	1984.23590240463	398.2941857181	7087.61724137199	7467.1445277276
2014-09-01	6401.862144	7176.609792	3629.081088	3792.185856	2807.73728969587	147.095104027583	110.321328020688	735.475520137917	2022.57278920232	406.41661202106	7279.45681180586	7650.46605059746
2014-10-01	42830.7859323871	48599.959419871	4833.70932201254	32160.5772387097	9872.16115649345	562.830556603489	422.122917452617	2814.15278301744	9039.7156904907	1614.54686409383	13928.3491681166	19269.8937584724
2014-11-01	69727.28832	90930.90816	16444.9884052903	67590.6158592	40516.8455995092	2528.48510572574	1896.3638292943	12642.4255286287	47947.6518614064	7550.20233412016	29827.8487370389	55365.0798776728
2014-12-01	340017.085921145	201340.88993825	68695.2749905217	175521.776144516	213066.900102525	14856.7231913385	11142.5423935039	74283.6159566924	345424.872398373	46602.2466611447	70598.2384969282	187953.808854329
2015-01-01	128405.543969032	196909.546529032	41759.8675609891	111910.916624516	119761.613287493	8041.29226395671	6030.96919796753	40206.4613197835	174432.500006987	24804.533867721	52071.2162638071	122614.393707903
2015-02-01	728433.986944919	370693.689485829	131072.928688811	326770.398043502	442909.564734505	32185.0701273811	24138.8025955358	160925.350636905	807293.648953128	102824.719381501	109032.474023872	331980.236175225
2015-03-01	210085.654469143	169839.416485161	38040.2410529032	97547.1741522581	134573.509423329	9105.14841591148	6828.86131193361	45525.7420795574	200302.752107741	28181.5900530515	55380.2828360129	133687.235899291
2015-04-01	122165.471232	152013.643776	31153.010688	44772.258816	65184.7317567052	4196.68166506088	3147.51124879566	20983.4083253044	84271.5620394328	12706.0884219072	38347.3007539406	78768.5862619726
2015-05-01	126116.815772903	113883.958172903	29074.7402570323	32965.5781904516	42260.2826084119	2650.26784628624	1987.70088471468	13251.3392314312	50712.4811193728	7931.11977141571	30031.2236085883	56639.6055395314
2015-06-01	58285.4888448	33035.8641357303	13146.2443008	12208.3918848	22533.7281487013	1353.18511705955	1014.88883779467	6765.92558529777	23910.0617098099	3972.30750352841	21877.2674079958	35835.4159126435
2015-07-01	16723.500164129	14119.0853202581	5295.64351587097	3496.22962374194	3970.72071082152	213.260081482569	159.945061111927	1066.30040741285	3069.41204356592	595.765972949922	8608.12328067146	9808.52870225686
2015-08-01	5642.8988283871	9494.27593083871	3227.89597316129	1294.31525574194	2814.78119933275	147.805664317396	110.854248238047	739.028321586982	2040.99950527549	408.799391441127	7177.24285676733	7599.98715658799
2015-09-01	5121.4897152	10242.9794304	2625.9867648	2446.57152	2872.93974652538	150.737648412111	113.053236309083	753.688242060553	2078.39589769891	416.759022753392	7368.29154938658	7781.80221812698
2015-10-01	3275.07718667414	5629.53175976197	3433.09229419355	6850.400256	2536.89391617533	132.309175716229	99.2318817871719	661.545878581146	1804.28742375449	364.834480476119	6793.69421723493	7036.26284609131
2015-11-01	3986.57001553178	6599.65372852	8269.4117376	18324.8206848	3065.01038630024	161.498797302256	121.124097976692	807.493986511282	2244.19352035827	447.35283272328	7624.59428245384	8164.30036530503
2015-12-01	117183.425143894	88611.7268372911	33549.5984887742	44383.814898817	77091.3827671787	5028.92120283191	3771.69090212393	25144.6060141596	103451.912057295	15314.9132687839	41258.6668712447	88449.0627995037
2016-01-01	416403.338398808	235365.451732422	81188.9727037156	178599.703651494	258529.828377978	18256.7300197067	13692.54751478	91283.6500985333	434478.459017412	57590.4313432595	78194.0558334792	216934.695363871
2016-02-01	454400.291173836	255629.082577555	81158.6828358621	195291.799231318	281855.102051102	19929.6069191482	14947.2051893611	99648.0345957408	475415.975062419	62903.5052466242	84460.9140654455	235306.140396275
2016-03-01	745053.358896391	368482.564026646	93048.6394219355	338326.750852383	450449.903051714	32988.5845078584	24741.4383808938	164942.922539292	839356.853583589	105756.234257051	104853.170471454	327430.619984134
2016-04-01	506569.141790916	275801.36555471	113928.680448	290571.144192	312175.302093768	22271.2562713823	16703.4422035367	111356.281356911	540052.663055537	70573.2319294567	87731.7405565066	251609.295740868
2016-05-01	333253.130207437	198247.890081182	106228.556965161	240947.833889032	209020.049157852	14556.23781026	10917.178357695	72781.1890512998	337657.84871435	45634.2262228112	69886.552320768	185300.376085723
2016-06-01	135192.053400859	99676.7515596605	65323.459584	51760.9505804986	88492.4416510812	5812.56571450175	4359.42428587632	29062.8285725088	121096.044203904	17755.622110839	45069.2926498347	98807.117560822
2016-07-01	33575.5048908887	33826.155136425	11514.6704763871	13582.4180190968	23385.6279399873	1410.79158071545	1058.09368553659	7053.95790357724	25138.6458729722	4149.84251454126	21968.070796347	36524.1228092507
2016-08-01	6850.3307446573	9940.2329046254	4466.96606554839	3306.81763509677	5130.48453026225	280.215960015044	210.161970011283	1401.07980007522	4159.48894019427	788.672206673666	9856.20557960398	11860.9418232084
2016-09-01	5062.20984067074	7933.21279951426	4224.4134912	1745.2210176	3849.77884747569	205.902758735547	154.42706905166	1029.51379367774	2940.86622851572	574.147154171603	8600.56405891607	9667.74993030465
2016-10-01	113053.680581448	86195.8412793067	27709.0098268978	42669.2391967328	74496.4917608587	4848.75439206281	3636.56579404711	24243.771960314	99335.2118330025	14751.5382106945	40518.9693973872	86231.8804469778
2016-11-01	187940.317077076	128476.134224096	42376.3595399385	74319.5993638467	121183.164982561	8125.55475550615	6094.16606662961	40627.7737775307	175815.375182979	25049.1534998476	53213.4841758226	124744.955006058
2016-12-01	374546.321522883	216917.674978573	74398.0050482346	158986.223283687	233669.913368775	16392.2007919495	12294.1505939621	81961.0039597474	385385.272374961	51556.9557345327	74126.6455176444	201267.435982109
2017-01-01	506538.663407369	273720.616587783	95425.3262724766	221475.486624835	311690.358922486	22282.2301980188	16711.6726485141	111411.150990094	542354.927059057	70672.1948641535	86314.4930409965	249197.807266944
2017-02-01	1197799.80058716	543788.052658133	197518.439679119	564185.145256992	711945.206270659	53369.9158561871	40027.4368921403	266849.579280936	1417411.84708781	172876.606277756	140109.83394931	472007.097125029
2017-03-01	752880.359293561	371461.440847248	132305.271858939	342231.576642407	454964.856840516	33341.0233779824	25005.7675334868	166705.116889912	849343.700134789	106917.114147286	105407.158037032	329860.850574493
2017-04-01	551034.741092785	294272.150502741	102875.65489049	242148.506715535	338275.327126252	24260.6320050768	18195.4740038076	121303.160025384	594008.671802556	77056.9593164982	91533.8622272434	267043.726751655
2017-05-01	641149.209451055	328217.144112314	115891.59345937	286886.703753601	390298.269859429	28316.1200531916	21237.0900398937	141580.600265958	708142.309177074	90399.3091225231	97205.5116397942	294417.82213045
2017-06-01	349816.50197915	207351.827755732	70729.3972879434	147023.899550686	219251.380091108	15283.7694707935	11462.8271030951	76418.8473539675	355175.17151126	47935.9707530412	72790.6841777128	193618.348654905
2017-07-01	75713.6748037677	63290.9286019018	19909.5252271835	27474.3612367124	50813.0790134071	3225.36727545872	2419.02545659404	16126.8363772936	63101.996518723	9704.03771287706	33102.8234270863	64933.4117940581
2017-08-01	21702.2699735029	24167.8116414048	7105.77061278836	6966.79326042695	15420.0299603447	905.200160994625	678.900120745968	4526.00080497312	15340.6558798985	2630.58180765123	17629.083773165	26821.2020026114
2017-09-01	23046.5090358813	25504.3969206957	7509.83224990965	7418.15848272726	16354.7415630699	961.711727895518	721.283795921638	4808.55863947759	16349.6003291218	2796.92846189857	18469.2914785688	28255.9838602503
2017-10-01	28273.1750067863	29630.5329603488	8837.4107488949	9314.69945570361	19847.6719643538	1184.55198449927	888.413988374449	5922.75992249633	20694.4768614794	3467.77116703921	20144.2663317859	32341.433359815
2017-11-01	120735.893549248	91359.3460683674	29421.2809373201	45716.2138899788	79439.051177178	5181.11927296803	3885.83945472602	25905.5963648401	106547.019236955	15777.1311524483	42571.1254592562	91208.4066256277
2017-12-01	74274.27120075	62361.8487066404	19596.9119222577	26901.350442776	49890.7707102279	3163.02379935965	2372.26784951974	15815.1189967982	61745.9395616185	9511.397452914	32783.9843021228	64057.4671910333
2018-01-01	111446.893157374	85250.4287634028	27383.8865642172	42003.783919695	73485.7184458498	4778.68549561014	3584.01412170761	23893.4274780507	97738.8095276597	14532.58849282	40227.5574709896	85362.8532257141
2018-02-01	124826.473661209	95231.2643152451	30609.0847502696	47100.0096853494	82264.3694837251	5353.43118375935	4015.07338781952	26767.1559187968	109640.10964037	16285.7041243689	44798.7823634547	95287.378288617
2018-03-01	143794.859098463	103745.049921466	33787.092672557	55567.2570147213	93718.3811447639	6192.31570471178	4644.23677853383	30961.5785235589	130415.953968852	18965.3252698941	45743.6255527905	102230.922008675
2018-04-01	319092.768854316	193173.964825943	65566.465714311	132907.316193659	200836.178294036	13919.7958151632	10439.8468613724	69598.979075816	320078.804780542	43546.727388851	69493.6105934874	181424.929515141
2018-05-01	169270.264205225	117637.179367575	38650.8159476717	66466.6918532851	109503.394280876	7309.48545839577	5482.11409379683	36547.4272919788	156857.469246878	22488.5092145145	49664.8997212107	114737.770205642
2018-06-01	40438.7673482629	39332.8555381025	11939.2133556111	13754.3328139706	27969.6051496159	1703.57773327268	1277.68329995451	8517.88866636338	30894.936074068	5032.43203950172	24523.4688164483	42062.9771880345
2018-07-01	8538.23938140502	11778.6673499068	3292.77216830567	2501.26597058515	6330.63646341585	350.562328683881	262.92174651291	1752.8116434194	5337.10097799085	992.715107080441	11013.9650869478	13861.3471136483
2018-08-01	3223.52286879871	5561.13207323752	1474.86543492345	858.282719558112	2498.76931108593	130.191550112845	97.6436625846336	650.957750564224	1772.17519507773	358.837152860869	6739.55759390879	6957.70754655596
2018-09-01	4169.28159677353	6831.49392610085	1833.90477851262	1134.80896685935	3198.93293058707	169.028456263608	126.771342197706	845.142281318039	2360.95347670425	468.79291855291	7798.84279895718	8427.33134085473
