# MODFLOW2000 Head Observation File
# Groundwater Vistas also writes drawdown targets here
  2197  0  0 500 -999
  1.0  1.0
A2 1  239  139  -39  0.0  0.250000  0.250000  0.000000  1.000000  1  1
A4 1  77  182  -17  0.0  -0.324200  0.250000  0.000000  1.000000  1  1
A4_1 1  207  90  -30  0.0  -0.250000  0.250000  0.000000  1.000000  1  1
B3 1  152  93  -55  0.0  -0.250000  -0.382400  0.000000  1.000000  1  1
B9 1  187  68  -16  0.0  0.250000  -0.250000  0.000000  1.000000  1  1
C11 1  124  136  -35  0.0  -0.250000  0.250000  0.000000  1.000000  1  1
C12 1  225  119  -3  0.0  -0.250000  0.250000  0.000000  1.000000  1  1
C26 1  154  69  -51  0.0  -0.250000  -0.250000  0.000000  1.000000  1  1
D16 1  227  122  -55  0.0  0.250000  0.250000  0.000000  1.000000  1  1
D31 1  213  102  -63  0.0  0.250000  -0.250000  0.000000  1.000000  1  1
D40 1  308  119  -65  0.0  -0.250000  -0.250000  0.000000  1.000000  1  1
E3 1  340  143  -63  0.0  -0.250000  0.250000  0.000000  1.000000  1  1
E71 1  199  88  -23  0.0  -0.250000  -0.250000  0.000000  1.000000  1  1
F56 1  201  72  -59  0.0  -0.250000  0.250000  0.000000  1.000000  1  1
F6 1  68  91  -37  0.0  0.250000  -0.250000  0.000000  1.000000  1  1
G11 1  177  122  -5  0.0  0.250000  -0.250000  0.000000  1.000000  1  1
G31 1  231  149  -65  0.0  0.250000  -0.250000  0.000000  1.000000  1  1
G40 1  50  144  -25  0.0  0.250000  -0.250000  0.000000  1.000000  1  1
H6 1  188  116  -46  0.0  -0.250000  0.250000  0.000000  1.000000  1  1
I16 1  177  119  -65  0.0  -0.250000  -0.250000  0.000000  1.000000  1  1
K11 1  227  111  -16  0.0  0.250000  0.250000  0.000000  1.000000  1  1
K12 1  96  124  -37  0.0  0.250000  -0.250000  0.000000  1.000000  1  1
K22 1  279  129  -64  0.0  0.250000  0.250000  0.000000  1.000000  1  1
K9 1  210  137  -49  0.0  -0.250000  0.250000  0.000000  1.000000  1  1
L18 1  210  143  -65  0.0  0.250000  -0.250000  0.000000  1.000000  1  1
L31 1  233  107  -64  0.0  -0.250000  -0.250000  0.000000  1.000000  1  1
L32 1  172  63  -26  0.0  0.250000  0.250000  0.000000  1.000000  1  1
M10 1  303  133  -65  0.0  0.250000  0.250000  0.000000  1.000000  1  1
M12 1  270  121  -53  0.0  -0.250000  0.250000  0.000000  1.000000  1  1
M2 1  137  166  -39  0.0  0.250000  -0.250000  0.000000  1.000000  1  1
N15 1  36  139  -14  0.0  -0.250000  -0.250000  0.000000  1.000000  1  1
N2 1  213  118  -58  0.0  -0.250000  0.250000  0.000000  1.000000  1  1
O32 1  149  117  -62  0.0  -0.250000  -0.250000  0.000000  1.000000  1  1
P18 1  134  160  -35  0.0  -0.250000  -0.250000  0.000000  1.000000  1  1
P23 1  74  191  -19  0.0  0.250000  -0.250000  0.000000  1.000000  1  1
P43 1  312  154  -62  0.0  0.250000  0.250000  0.000000  1.000000  1  1
Q32 1  165  137  -65  0.0  0.250000  -0.250000  0.000000  1.000000  1  1
R18 1  236  93  -57  0.0  -0.250000  0.250000  0.000000  1.000000  1  1
R24 1  242  130  -63  0.0  0.250000  0.250000  0.000000  1.000000  1  1
S19 1  133  141  -63  0.0  0.250000  0.250000  0.000000  1.000000  1  1
S21 1  274  114  -65  0.0  0.250000  -0.250000  0.000000  1.000000  1  1
S42 1  122  134  -35  0.0  0.250000  -0.250000  0.000000  1.000000  1  1
V87 1  208  139  -31  0.0  -0.250000  -0.250000  0.000000  1.000000  1  1
W10 1  331  112  -64  0.0  0.250000  0.250000  0.000000  1.000000  1  1
Z36 1  275  79  -32  0.0  0.250000  -0.250000  0.000000  1.000000  1  1
DWR_1 1  97  124  -16  0.0  -0.250000  -0.250000  0.000000  1.000000  1  1
DWR_2 1  68  142  -27  0.0  0.250000  0.250000  0.000000  1.000000  1  1
DWR_3 1  101  124  -43  0.0  -0.250000  0.250000  0.000000  1.000000  1  1
DWR_4 1  137  124  -44  0.0  0.250000  0.250000  0.000000  1.000000  1  1
DWR_5 1  139  143  -47  0.0  -0.250000  0.250000  0.000000  1.000000  1  1