32  102756  ! Number of MAR fields, Daily volume (m^3) available for MAR
211  0.03456 ! Field Polygon Number, Max infiltration rate (1/10th lowest K from SSURGO)
289  0.03456
252  0.03456
284  0.03456
476  0.03456
1673  0.03456
335  0.03456
627  0.03456
1692  0.034560
259  0.03456
519  0.003024
363  0.03456
386  0.003024
1693  0.003024    
407  0.03456
233  0.03456
1694  0.003024
557  0.03456
535  0.03456
330  0.03456
280  0.03456
351  0.02442081
1725  0.03456
167  0.003024 
573  0.003024
414  0.003024
1892  0.00302400
285  0.003024
381  0.003024
105  0.003024
1887  0.03456   
479  0.003024
