row column SubId
104 7 444000391
105 7 444000391
106 7 444000391
107 7 444000391
108 8 444000391
109 8 444000391
110 8 444000391
111 8 444000391
112 9 444000391
113 9 444000391
114 9 444000391
115 10 444000391
116 11 444000391
116 12 444000391
116 13 444000391
117 14 444000391
389 145 444000484
390 146 444000484
391 146 444000484
392 146 444000484
393 147 444000484
394 147 444000484
395 148 444000484
396 148 444000484
397 149 444000484
121 35 444000561
122 34 444000561
123 34 444000561
124 34 444000561
125 34 444000561
126 34 444000561
126 38 444000561
127 34 444000561
127 38 444000561
127 39 444000561
128 35 444000561
128 38 444000561
128 39 444000561
129 35 444000561
129 38 444000561
129 39 444000561
129 44 444000561
129 45 444000561
129 46 444000561
129 47 444000561
130 36 444000561
130 37 444000561
130 40 444000561
130 43 444000561
130 48 444000561
131 41 444000561
131 42 444000561
131 48 444000561
132 49 444000561
133 49 444000561
134 50 444000561
135 50 444000561
136 48 444000561
136 50 444000561
137 44 444000561
137 45 444000561
137 46 444000561
137 47 444000561
137 49 444000561
137 50 444000561
138 43 444000561
138 49 444000561
139 42 444000561
140 41 444000561
140 42 444000561
141 38 444000561
141 39 444000561
141 40 444000561
142 37 444000561
143 36 444000561
144 35 444000561
144 36 444000561
145 34 444000561
146 34 444000561
147 19 444000561
147 33 444000561
148 20 444000561
148 33 444000561
149 21 444000561
149 32 444000561
150 21 444000561
150 32 444000561
151 21 444000561
151 32 444000561
152 22 444000561
152 32 444000561
153 22 444000561
153 31 444000561
154 23 444000561
154 24 444000561
154 25 444000561
154 31 444000561
155 26 444000561
155 30 444000561
156 27 444000561
156 29 444000561
157 27 444000561
157 29 444000561
158 27 444000561
158 29 444000561
159 26 444000561
159 29 444000561
160 26 444000561
160 29 444000561
161 26 444000561
161 29 444000561
162 26 444000561
162 29 444000561
163 26 444000561
163 28 444000561
164 26 444000561
164 28 444000561
165 26 444000561
165 27 444000561
219 190 444000562
220 190 444000562
220 191 444000562
221 147 444000562
221 189 444000562
221 190 444000562
222 145 444000562
222 146 444000562
222 148 444000562
222 152 444000562
222 153 444000562
222 154 444000562
222 184 444000562
222 189 444000562
222 190 444000562
223 138 444000562
223 139 444000562
223 140 444000562
223 141 444000562
223 142 444000562
223 145 444000562
223 148 444000562
223 152 444000562
223 154 444000562
223 155 444000562
223 183 444000562
223 185 444000562
223 188 444000562
223 190 444000562
224 138 444000562
224 143 444000562
224 144 444000562
224 149 444000562
224 150 444000562
224 151 444000562
224 156 444000562
224 157 444000562
224 182 444000562
224 186 444000562
224 187 444000562
224 189 444000562
225 138 444000562
225 158 444000562
225 159 444000562
225 160 444000562
225 161 444000562
225 181 444000562
225 188 444000562
226 138 444000562
226 162 444000562
226 163 444000562
226 164 444000562
226 165 444000562
226 179 444000562
226 180 444000562
226 186 444000562
226 187 444000562
227 139 444000562
227 166 444000562
227 167 444000562
227 168 444000562
227 169 444000562
227 170 444000562
227 171 444000562
227 172 444000562
227 173 444000562
227 174 444000562
227 175 444000562
227 176 444000562
227 177 444000562
227 178 444000562
227 185 444000562
228 139 444000562
228 162 444000562
228 163 444000562
228 164 444000562
228 165 444000562
228 166 444000562
228 167 444000562
228 168 444000562
228 169 444000562
228 170 444000562
228 171 444000562
228 172 444000562
228 182 444000562
228 183 444000562
228 184 444000562
229 138 444000562
229 159 444000562
229 160 444000562
229 161 444000562
229 172 444000562
229 173 444000562
229 174 444000562
229 175 444000562
229 176 444000562
229 177 444000562
229 178 444000562
229 179 444000562
229 182 444000562
230 138 444000562
230 156 444000562
230 157 444000562
230 158 444000562
230 180 444000562
230 181 444000562
231 138 444000562
231 150 444000562
231 151 444000562
231 152 444000562
231 153 444000562
231 154 444000562
231 155 444000562
231 180 444000562
231 181 444000562
232 137 444000562
232 148 444000562
232 149 444000562
232 180 444000562
232 182 444000562
233 131 444000562
233 134 444000562
233 135 444000562
233 136 444000562
233 147 444000562
233 181 444000562
233 183 444000562
234 131 444000562
234 132 444000562
234 133 444000562
234 182 444000562
234 183 444000562
234 184 444000562
105 33 444000576
106 32 444000576
107 32 444000576
108 32 444000576
109 32 444000576
110 33 444000576
111 33 444000576
112 34 444000576
112 35 444000576
112 36 444000576
112 37 444000576
113 37 444000576
114 37 444000576
115 37 444000576
116 37 444000576
117 36 444000576
118 15 444000576
118 36 444000576
119 16 444000576
119 35 444000576
120 17 444000576
120 35 444000576
121 17 444000576
122 18 444000576
123 19 444000576
124 19 444000576
125 19 444000576
126 20 444000576
127 20 444000576
128 20 444000576
129 20 444000576
130 19 444000576
131 19 444000576
132 18 444000576
133 17 444000576
134 16 444000576
135 15 444000576
136 14 444000576
137 14 444000576
138 14 444000576
139 14 444000576
140 14 444000576
141 14 444000576
315 122 444000578
315 123 444000578
315 124 444000578
315 125 444000578
315 126 444000578
315 127 444000578
316 119 444000578
316 120 444000578
316 121 444000578
316 128 444000578
317 116 444000578
317 117 444000578
317 118 444000578
317 129 444000578
318 130 444000578
319 130 444000578
320 131 444000578
321 131 444000578
322 130 444000578
323 128 444000578
323 129 444000578
324 130 444000578
325 130 444000578
326 130 444000578
327 129 444000578
327 130 444000578
328 128 444000578
328 129 444000578
328 131 444000578
329 128 444000578
329 129 444000578
329 131 444000578
329 132 444000578
329 133 444000578
330 128 444000578
330 134 444000578
331 134 444000578
332 135 444000578
333 135 444000578
260 106 444000582
261 104 444000582
261 105 444000582
261 107 444000582
262 102 444000582
262 108 444000582
263 108 444000582
264 107 444000582
265 107 444000582
266 107 444000582
267 107 444000582
268 107 444000582
269 107 444000582
270 108 444000582
271 108 444000582
272 102 444000582
272 103 444000582
272 108 444000582
273 101 444000582
273 104 444000582
273 105 444000582
273 106 444000582
273 107 444000582
274 101 444000582
275 100 444000582
275 104 444000582
275 105 444000582
275 106 444000582
275 107 444000582
275 108 444000582
275 109 444000582
276 100 444000582
276 101 444000582
276 102 444000582
276 103 444000582
276 104 444000582
276 110 444000582
277 110 444000582
278 110 444000582
279 110 444000582
280 109 444000582
281 108 444000582
282 108 444000582
283 106 444000582
283 107 444000582
284 106 444000582
285 106 444000582
286 107 444000582
287 107 444000582
287 108 444000582
287 109 444000582
287 110 444000582
288 111 444000582
288 112 444000582
289 113 444000582
290 113 444000582
291 113 444000582
292 114 444000582
293 114 444000582
294 114 444000582
295 115 444000582
296 115 444000582
297 97 444000582
297 98 444000582
297 99 444000582
297 100 444000582
297 115 444000582
298 97 444000582
298 101 444000582
298 115 444000582
299 98 444000582
299 102 444000582
299 103 444000582
299 115 444000582
300 98 444000582
300 104 444000582
300 115 444000582
301 99 444000582
301 100 444000582
301 104 444000582
301 114 444000582
302 101 444000582
302 102 444000582
302 105 444000582
302 113 444000582
303 103 444000582
303 104 444000582
303 105 444000582
303 106 444000582
303 107 444000582
303 112 444000582
304 106 444000582
304 107 444000582
304 108 444000582
304 109 444000582
304 110 444000582
304 111 444000582
304 112 444000582
304 113 444000582
305 114 444000582
65 12 444000583
66 13 444000583
66 14 444000583
67 13 444000583
68 13 444000583
69 13 444000583
69 14 444000583
70 13 444000583
70 14 444000583
71 13 444000583
71 15 444000583
71 16 444000583
72 13 444000583
72 17 444000583
72 18 444000583
73 13 444000583
74 12 444000583
75 12 444000583
75 18 444000583
76 12 444000583
76 18 444000583
77 12 444000583
77 17 444000583
78 12 444000583
78 17 444000583
79 11 444000583
79 17 444000583
80 11 444000583
80 17 444000583
81 11 444000583
81 17 444000583
82 10 444000583
82 17 444000583
83 10 444000583
83 17 444000583
84 10 444000583
84 17 444000583
85 10 444000583
86 10 444000583
87 11 444000583
87 18 444000583
88 12 444000583
88 18 444000583
89 12 444000583
89 18 444000583
90 10 444000583
90 11 444000583
90 18 444000583
91 9 444000583
91 18 444000583
92 8 444000583
92 18 444000583
93 8 444000583
93 17 444000583
94 8 444000583
94 16 444000583
95 7 444000583
95 15 444000583
96 7 444000583
96 15 444000583
97 7 444000583
97 15 444000583
98 7 444000583
99 7 444000583
100 7 444000583
101 7 444000583
102 7 444000583
103 7 444000583
273 137 444000585
274 136 444000585
275 136 444000585
276 134 444000585
276 135 444000585
276 136 444000585
277 132 444000585
277 133 444000585
278 131 444000585
278 132 444000585
279 130 444000585
280 129 444000585
281 130 444000585
282 131 444000585
283 132 444000585
284 133 444000585
285 134 444000585
286 135 444000585
287 136 444000585
288 137 444000585
289 137 444000585
290 135 444000585
290 136 444000585
291 134 444000585
292 134 444000585
293 133 444000585
294 134 444000585
295 134 444000585
296 134 444000585
297 134 444000585
298 135 444000585
299 136 444000585
299 137 444000585
299 138 444000585
299 139 444000585
300 139 444000585
301 139 444000585
302 139 444000585
303 138 444000585
304 138 444000585
305 138 444000585
306 138 444000585
307 138 444000585
307 140 444000585
308 139 444000585
308 140 444000585
309 141 444000585
309 142 444000585
310 142 444000585
311 142 444000585
312 142 444000585
313 142 444000585
314 143 444000585
315 144 444000585
315 145 444000585
336 111 444000592
337 110 444000592
338 110 444000592
339 110 444000592
340 109 444000592
341 109 444000592
319 154 444000595
320 153 444000595
321 154 444000595
321 155 444000595
322 151 444000595
322 155 444000595
323 150 444000595
323 152 444000595
323 154 444000595
324 150 444000595
324 152 444000595
324 153 444000595
325 150 444000595
326 149 444000595
327 149 444000595
328 149 444000595
329 149 444000595
330 150 444000595
331 150 444000595
332 150 444000595
332 151 444000595
333 151 444000595
334 136 444000595
334 151 444000595
335 136 444000595
335 151 444000595
335 152 444000595
336 137 444000595
336 152 444000595
337 137 444000595
337 152 444000595
338 138 444000595
338 152 444000595
339 138 444000595
339 152 444000595
340 139 444000595
340 152 444000595
341 140 444000595
341 141 444000595
341 151 444000595
342 141 444000595
342 151 444000595
343 141 444000595
343 151 444000595
344 141 444000595
344 151 444000595
345 141 444000595
345 151 444000595
346 141 444000595
346 151 444000595
347 141 444000595
347 152 444000595
348 141 444000595
348 152 444000595
349 141 444000595
349 153 444000595
350 141 444000595
350 153 444000595
351 141 444000595
351 154 444000595
352 141 444000595
352 155 444000595
352 156 444000595
352 157 444000595
352 158 444000595
352 159 444000595
352 160 444000595
353 141 444000595
353 161 444000595
354 141 444000595
354 161 444000595
355 141 444000595
355 156 444000595
355 157 444000595
355 158 444000595
355 159 444000595
355 160 444000595
356 141 444000595
356 150 444000595
356 151 444000595
356 152 444000595
356 153 444000595
356 154 444000595
356 155 444000595
357 141 444000595
357 149 444000595
358 142 444000595
358 149 444000595
359 143 444000595
359 149 444000595
360 143 444000595
360 149 444000595
361 143 444000595
361 149 444000595
362 143 444000595
362 149 444000595
363 143 444000595
363 148 444000595
364 143 444000595
364 148 444000595
365 143 444000595
365 148 444000595
366 143 444000595
366 149 444000595
367 143 444000595
367 149 444000595
368 143 444000595
368 149 444000595
369 143 444000595
369 149 444000595
370 143 444000595
370 149 444000595
371 143 444000595
371 149 444000595
372 143 444000595
372 149 444000595
373 143 444000595
373 149 444000595
374 143 444000595
374 150 444000595
375 143 444000595
375 150 444000595
376 143 444000595
376 150 444000595
377 143 444000595
377 150 444000595
378 143 444000595
378 150 444000595
379 143 444000595
379 150 444000595
380 143 444000595
380 150 444000595
381 143 444000595
381 151 444000595
382 144 444000595
382 151 444000595
383 144 444000595
384 144 444000595
385 144 444000595
386 145 444000595
387 145 444000595
388 145 444000595
45 97 444000600
45 98 444000600
46 96 444000600
46 98 444000600
47 96 444000600
47 97 444000600
48 95 444000600
48 96 444000600
49 94 444000600
49 96 444000600
50 92 444000600
50 93 444000600
50 95 444000600
51 91 444000600
51 94 444000600
52 91 444000600
52 93 444000600
53 91 444000600
53 93 444000600
54 90 444000600
54 93 444000600
55 90 444000600
55 93 444000600
56 90 444000600
56 93 444000600
57 90 444000600
57 93 444000600
58 89 444000600
58 93 444000600
59 89 444000600
59 93 444000600
60 85 444000600
60 89 444000600
60 93 444000600
61 86 444000600
61 87 444000600
61 88 444000600
61 93 444000600
337 107 444000602
338 107 444000602
339 108 444000602
61 42 444000603
61 43 444000603
49 144 444000605
49 145 444000605
50 143 444000605
50 146 444000605
51 146 444000605
52 146 444000605
53 146 444000605
54 146 444000605
55 146 444000605
56 146 444000605
57 147 444000605
58 147 444000605
59 147 444000605
60 147 444000605
61 147 444000605
62 147 444000605
62 165 444000605
62 166 444000605
63 147 444000605
63 165 444000605
63 166 444000605
63 206 444000605
63 207 444000605
63 208 444000605
64 147 444000605
64 164 444000605
64 166 444000605
64 204 444000605
64 205 444000605
64 208 444000605
65 147 444000605
65 164 444000605
65 167 444000605
65 168 444000605
65 202 444000605
65 203 444000605
65 207 444000605
66 148 444000605
66 150 444000605
66 151 444000605
66 162 444000605
66 163 444000605
66 169 444000605
66 200 444000605
66 201 444000605
66 206 444000605
67 149 444000605
67 152 444000605
67 153 444000605
67 154 444000605
67 155 444000605
67 160 444000605
67 161 444000605
67 169 444000605
67 198 444000605
67 199 444000605
67 205 444000605
68 156 444000605
68 157 444000605
68 160 444000605
68 169 444000605
68 197 444000605
68 204 444000605
69 158 444000605
69 159 444000605
69 169 444000605
69 196 444000605
69 204 444000605
70 148 444000605
70 149 444000605
70 169 444000605
70 194 444000605
70 195 444000605
70 203 444000605
71 147 444000605
71 150 444000605
71 151 444000605
71 170 444000605
71 177 444000605
71 178 444000605
71 190 444000605
71 191 444000605
71 192 444000605
71 193 444000605
71 202 444000605
72 146 444000605
72 152 444000605
72 153 444000605
72 170 444000605
72 177 444000605
72 178 444000605
72 185 444000605
72 186 444000605
72 187 444000605
72 188 444000605
72 189 444000605
72 200 444000605
72 202 444000605
73 154 444000605
73 155 444000605
73 156 444000605
73 157 444000605
73 158 444000605
73 159 444000605
73 160 444000605
73 170 444000605
73 171 444000605
73 177 444000605
73 178 444000605
73 179 444000605
73 180 444000605
73 181 444000605
73 182 444000605
73 183 444000605
73 184 444000605
73 199 444000605
73 201 444000605
73 202 444000605
74 161 444000605
74 172 444000605
74 173 444000605
74 174 444000605
74 175 444000605
74 176 444000605
74 195 444000605
74 198 444000605
74 202 444000605
75 161 444000605
75 162 444000605
75 163 444000605
75 164 444000605
75 193 444000605
75 194 444000605
75 196 444000605
75 197 444000605
76 165 444000605
76 166 444000605
76 167 444000605
76 168 444000605
76 169 444000605
76 170 444000605
76 171 444000605
76 191 444000605
76 192 444000605
77 172 444000605
77 173 444000605
77 190 444000605
78 174 444000605
78 175 444000605
78 176 444000605
78 187 444000605
78 188 444000605
78 189 444000605
79 177 444000605
79 186 444000605
80 178 444000605
80 186 444000605
81 178 444000605
81 184 444000605
81 185 444000605
81 186 444000605
82 179 444000605
82 183 444000605
82 186 444000605
82 187 444000605
83 179 444000605
83 182 444000605
83 187 444000605
83 188 444000605
84 180 444000605
84 182 444000605
84 188 444000605
85 180 444000605
85 182 444000605
86 179 444000605
86 182 444000605
87 179 444000605
87 181 444000605
88 179 444000605
88 181 444000605
89 179 444000605
89 180 444000605
89 181 444000605
306 114 444000616
307 114 444000616
308 114 444000616
309 114 444000616
310 114 444000616
311 114 444000616
312 108 444000616
312 109 444000616
312 110 444000616
312 111 444000616
312 112 444000616
312 113 444000616
313 107 444000616
313 108 444000616
313 109 444000616
313 110 444000616
314 111 444000616
315 112 444000616
316 112 444000616
317 112 444000616
318 112 444000616
318 115 444000616
319 111 444000616
319 115 444000616
320 111 444000616
320 115 444000616
321 111 444000616
321 115 444000616
322 110 444000616
322 115 444000616
323 110 444000616
323 115 444000616
324 109 444000616
324 115 444000616
325 109 444000616
325 115 444000616
326 108 444000616
326 109 444000616
326 113 444000616
326 114 444000616
326 115 444000616
327 108 444000616
327 112 444000616
328 108 444000616
328 112 444000616
329 108 444000616
329 113 444000616
330 107 444000616
330 114 444000616
331 107 444000616
331 113 444000616
332 107 444000616
332 112 444000616
333 107 444000616
333 112 444000616
334 107 444000616
334 111 444000616
335 106 444000616
335 111 444000616
336 106 444000616
118 137 444000618
119 137 444000618
120 137 444000618
121 137 444000618
122 136 444000618
122 140 444000618
122 141 444000618
122 142 444000618
123 137 444000618
123 139 444000618
123 142 444000618
123 172 444000618
123 173 444000618
123 174 444000618
123 175 444000618
123 176 444000618
123 177 444000618
124 138 444000618
124 143 444000618
124 172 444000618
124 176 444000618
125 144 444000618
125 145 444000618
125 146 444000618
125 147 444000618
125 148 444000618
125 149 444000618
125 150 444000618
125 151 444000618
125 172 444000618
125 176 444000618
126 152 444000618
126 153 444000618
126 154 444000618
126 155 444000618
126 156 444000618
126 157 444000618
126 159 444000618
126 172 444000618
126 175 444000618
127 154 444000618
127 159 444000618
127 160 444000618
127 161 444000618
127 162 444000618
127 163 444000618
127 164 444000618
127 165 444000618
127 171 444000618
127 175 444000618
128 153 444000618
128 159 444000618
128 165 444000618
128 170 444000618
128 174 444000618
129 154 444000618
129 158 444000618
129 166 444000618
129 167 444000618
129 168 444000618
129 169 444000618
129 175 444000618
130 155 444000618
130 156 444000618
130 157 444000618
130 176 444000618
130 180 444000618
130 181 444000618
130 182 444000618
131 177 444000618
131 178 444000618
131 179 444000618
131 182 444000618
132 180 444000618
132 181 444000618
132 182 444000618
133 179 444000618
134 178 444000618
135 177 444000618
136 177 444000618
137 177 444000618
138 159 444000618
138 160 444000618
138 161 444000618
138 162 444000618
138 164 444000618
138 165 444000618
138 177 444000618
139 163 444000618
139 166 444000618
139 167 444000618
139 168 444000618
139 178 444000618
140 169 444000618
140 177 444000618
141 169 444000618
141 176 444000618
142 169 444000618
142 176 444000618
143 168 444000618
143 175 444000618
144 168 444000618
144 169 444000618
144 170 444000618
144 174 444000618
145 171 444000618
145 174 444000618
146 172 444000618
146 173 444000618
65 111 444000619
66 106 444000619
66 107 444000619
66 108 444000619
66 110 444000619
66 111 444000619
66 112 444000619
66 113 444000619
67 109 444000619
67 114 444000619
67 115 444000619
67 116 444000619
68 117 444000619
69 116 444000619
70 116 444000619
71 117 444000619
72 117 444000619
73 117 444000619
74 117 444000619
75 116 444000619
76 116 444000619
77 117 444000619
77 118 444000619
78 118 444000619
79 118 444000619
80 118 444000619
81 118 444000619
82 119 444000619
83 99 444000619
83 100 444000619
83 101 444000619
83 119 444000619
84 96 444000619
84 97 444000619
84 98 444000619
84 102 444000619
84 120 444000619
85 95 444000619
85 102 444000619
85 120 444000619
86 103 444000619
86 104 444000619
86 105 444000619
86 106 444000619
86 107 444000619
86 121 444000619
87 108 444000619
87 121 444000619
88 108 444000619
88 109 444000619
88 110 444000619
88 111 444000619
88 121 444000619
89 108 444000619
89 112 444000619
89 122 444000619
90 113 444000619
90 122 444000619
91 114 444000619
91 123 444000619
92 115 444000619
93 116 444000619
94 116 444000619
95 116 444000619
96 116 444000619
97 116 444000619
97 117 444000619
98 118 444000619
99 119 444000619
100 120 444000619
101 120 444000619
102 120 444000619
103 120 444000619
41 73 444000627
41 74 444000627
42 72 444000627
42 74 444000627
43 71 444000627
43 73 444000627
44 70 444000627
44 72 444000627
45 69 444000627
45 71 444000627
46 68 444000627
46 70 444000627
47 68 444000627
47 69 444000627
48 67 444000627
48 68 444000627
49 65 444000627
49 66 444000627
49 68 444000627
49 74 444000627
49 75 444000627
50 64 444000627
50 67 444000627
50 72 444000627
50 73 444000627
50 75 444000627
51 64 444000627
51 67 444000627
51 72 444000627
51 75 444000627
52 63 444000627
52 67 444000627
52 71 444000627
52 75 444000627
53 63 444000627
53 67 444000627
53 71 444000627
53 75 444000627
54 62 444000627
54 68 444000627
54 69 444000627
54 70 444000627
54 75 444000627
55 62 444000627
55 75 444000627
56 61 444000627
56 75 444000627
57 51 444000627
57 52 444000627
57 53 444000627
57 54 444000627
57 55 444000627
57 56 444000627
57 61 444000627
57 76 444000627
57 77 444000627
57 78 444000627
58 49 444000627
58 50 444000627
58 55 444000627
58 61 444000627
58 78 444000627
59 49 444000627
59 54 444000627
59 60 444000627
59 79 444000627
59 80 444000627
59 81 444000627
60 44 444000627
60 45 444000627
60 46 444000627
60 49 444000627
60 53 444000627
60 59 444000627
60 82 444000627
60 83 444000627
60 84 444000627
61 44 444000627
61 47 444000627
61 48 444000627
61 52 444000627
61 57 444000627
61 58 444000627
62 52 444000627
62 57 444000627
63 53 444000627
63 54 444000627
63 55 444000627
63 56 444000627
68 68 444000627
68 69 444000627
69 67 444000627
69 70 444000627
70 67 444000627
70 70 444000627
71 67 444000627
71 70 444000627
72 66 444000627
72 71 444000627
73 63 444000627
73 64 444000627
73 65 444000627
73 72 444000627
73 73 444000627
74 52 444000627
74 60 444000627
74 61 444000627
74 62 444000627
74 74 444000627
74 75 444000627
75 44 444000627
75 51 444000627
75 53 444000627
75 59 444000627
75 76 444000627
75 77 444000627
75 78 444000627
75 79 444000627
75 80 444000627
75 81 444000627
76 44 444000627
76 45 444000627
76 46 444000627
76 49 444000627
76 50 444000627
76 53 444000627
76 58 444000627
77 47 444000627
77 48 444000627
77 53 444000627
77 57 444000627
78 52 444000627
78 57 444000627
79 52 444000627
79 56 444000627
80 53 444000627
80 54 444000627
80 55 444000627
81 55 444000627
75 82 444000628
76 83 444000628
77 83 444000628
78 82 444000628
79 81 444000628
80 80 444000628
81 80 444000628
82 80 444000628
83 80 444000628
84 79 444000628
85 79 444000628
86 78 444000628
86 89 444000628
87 78 444000628
87 90 444000628
88 78 444000628
88 91 444000628
89 77 444000628
89 92 444000628
89 93 444000628
90 76 444000628
90 92 444000628
91 91 444000628
92 91 444000628
93 90 444000628
94 89 444000628
95 89 444000628
83 91 444000633
83 92 444000633
83 93 444000633
84 90 444000633
84 94 444000633
85 89 444000633
60 26 444000638
61 27 444000638
61 28 444000638
61 29 444000638
61 30 444000638
62 31 444000638
62 32 444000638
62 33 444000638
62 41 444000638
63 33 444000638
63 34 444000638
63 35 444000638
63 40 444000638
64 36 444000638
64 40 444000638
65 37 444000638
65 39 444000638
66 38 444000638
72 31 444000638
72 32 444000638
72 33 444000638
73 34 444000638
73 35 444000638
73 36 444000638
73 37 444000638
74 38 444000638
74 39 444000638
74 40 444000638
74 41 444000638
75 42 444000638
75 43 444000638
58 12 444000643
59 11 444000643
60 11 444000643
61 10 444000643
62 10 444000643
63 10 444000643
64 11 444000643
58 13 444000647
58 14 444000647
58 15 444000647
58 16 444000647
59 17 444000647
59 18 444000647
59 19 444000647
59 20 444000647
59 21 444000647
59 22 444000647
59 23 444000647
60 24 444000647
60 25 444000647
65 15 444000647
65 16 444000647
65 17 444000647
65 18 444000647
65 19 444000647
65 20 444000647
65 21 444000647
66 22 444000647
67 22 444000647
68 22 444000647
69 22 444000647
70 22 444000647
71 20 444000647
71 21 444000647
72 19 444000647
74 19 444000647
75 20 444000647
73 30 444000656
74 30 444000656
75 21 444000656
75 31 444000656
76 22 444000656
76 32 444000656
77 22 444000656
77 31 444000656
78 22 444000656
78 31 444000656
79 22 444000656
79 30 444000656
80 22 444000656
80 30 444000656
81 22 444000656
81 31 444000656
82 22 444000656
82 31 444000656
82 32 444000656
83 22 444000656
83 32 444000656
84 22 444000656
84 32 444000656
85 18 444000656
85 22 444000656
85 33 444000656
86 18 444000656
86 22 444000656
86 33 444000656
87 22 444000656
87 33 444000656
88 22 444000656
88 33 444000656
89 22 444000656
89 32 444000656
90 22 444000656
90 31 444000656
91 22 444000656
91 31 444000656
92 19 444000656
92 20 444000656
92 21 444000656
92 31 444000656
93 20 444000656
93 32 444000656
94 20 444000656
94 32 444000656
94 33 444000656
95 19 444000656
95 34 444000656
95 35 444000656
96 19 444000656
96 35 444000656
97 19 444000656
97 35 444000656
98 15 444000656
98 19 444000656
98 36 444000656
99 15 444000656
99 18 444000656
99 37 444000656
100 16 444000656
100 17 444000656
100 37 444000656
101 36 444000656
102 35 444000656
103 35 444000656
104 35 444000656
105 34 444000656
106 34 444000656
214 137 444000660
215 136 444000660
216 135 444000660
217 135 444000660
218 135 444000660
219 135 444000660
220 134 444000660
221 134 444000660
222 134 444000660
223 134 444000660
224 134 444000660
225 133 444000660
226 133 444000660
227 133 444000660
228 131 444000660
228 132 444000660
229 129 444000660
229 130 444000660
230 128 444000660
231 128 444000660
232 128 444000660
233 128 444000660
243 108 444000660
244 108 444000660
245 107 444000660
246 107 444000660
247 107 444000660
248 106 444000660
249 106 444000660
250 105 444000660
251 104 444000660
252 103 444000660
253 101 444000660
253 103 444000660
254 102 444000660
261 103 444000660
262 100 444000660
262 101 444000660
263 98 444000660
263 99 444000660
264 96 444000660
264 97 444000660
265 95 444000660
266 94 444000660
267 92 444000660
267 93 444000660
268 91 444000660
184 133 444000662
185 134 444000662
186 134 444000662
187 135 444000662
188 136 444000662
189 135 444000662
189 136 444000662
190 134 444000662
191 134 444000662
192 134 444000662
193 134 444000662
194 134 444000662
195 134 444000662
196 134 444000662
197 133 444000662
198 133 444000662
199 133 444000662
200 133 444000662
201 133 444000662
202 134 444000662
202 135 444000662
203 136 444000662
203 137 444000662
204 138 444000662
205 139 444000662
205 140 444000662
205 141 444000662
205 142 444000662
206 142 444000662
207 143 444000662
207 144 444000662
208 145 444000662
208 146 444000662
209 147 444000662
209 148 444000662
209 149 444000662
209 150 444000662
209 151 444000662
210 151 444000662
211 152 444000662
211 153 444000662
211 154 444000662
211 155 444000662
212 155 444000662
213 139 444000662
213 154 444000662
214 138 444000662
214 140 444000662
214 141 444000662
214 150 444000662
214 151 444000662
214 152 444000662
214 153 444000662
215 142 444000662
215 149 444000662
216 143 444000662
216 148 444000662
217 144 444000662
217 145 444000662
217 146 444000662
217 148 444000662
218 147 444000662
218 148 444000662
234 147 444000663
235 147 444000663
236 147 444000663
237 148 444000663
237 156 444000663
237 157 444000663
238 148 444000663
238 154 444000663
238 155 444000663
238 158 444000663
239 149 444000663
239 150 444000663
239 151 444000663
239 152 444000663
239 153 444000663
239 159 444000663
240 157 444000663
240 158 444000663
241 156 444000663
242 154 444000663
242 155 444000663
242 156 444000663
243 138 444000663
243 139 444000663
243 140 444000663
243 153 444000663
244 137 444000663
244 141 444000663
244 142 444000663
244 152 444000663
245 136 444000663
245 143 444000663
245 144 444000663
245 152 444000663
246 137 444000663
246 145 444000663
246 146 444000663
246 147 444000663
246 153 444000663
247 138 444000663
247 148 444000663
247 149 444000663
247 150 444000663
247 151 444000663
247 152 444000663
247 153 444000663
247 154 444000663
248 139 444000663
249 136 444000663
249 137 444000663
249 138 444000663
249 139 444000663
250 135 444000663
251 135 444000663
252 135 444000663
253 135 444000663
254 135 444000663
255 129 444000663
255 130 444000663
255 134 444000663
256 128 444000663
256 131 444000663
256 132 444000663
256 133 444000663
256 134 444000663
257 127 444000663
258 127 444000663
259 128 444000663
260 129 444000663
261 129 444000663
262 128 444000663
263 127 444000663
264 127 444000663
265 127 444000663
266 128 444000663
267 128 444000663
268 128 444000663
269 129 444000663
270 129 444000663
271 130 444000663
271 135 444000663
271 136 444000663
271 137 444000663
272 131 444000663
272 132 444000663
272 133 444000663
272 134 444000663
272 137 444000663
62 135 444000664
62 136 444000664
62 137 444000664
62 138 444000664
63 135 444000664
64 135 444000664
65 136 444000664
66 136 444000664
67 136 444000664
68 136 444000664
69 130 444000664
69 131 444000664
69 135 444000664
70 130 444000664
70 132 444000664
70 133 444000664
70 134 444000664
71 131 444000664
71 132 444000664
72 133 444000664
73 133 444000664
73 145 444000664
74 134 444000664
74 145 444000664
75 134 444000664
75 144 444000664
76 134 444000664
76 142 444000664
76 143 444000664
77 134 444000664
77 141 444000664
78 133 444000664
78 140 444000664
79 133 444000664
79 139 444000664
80 132 444000664
80 139 444000664
81 131 444000664
81 138 444000664
82 129 444000664
82 130 444000664
82 137 444000664
83 128 444000664
83 136 444000664
84 128 444000664
84 136 444000664
85 127 444000664
85 135 444000664
86 126 444000664
86 135 444000664
87 126 444000664
87 134 444000664
88 126 444000664
88 134 444000664
89 126 444000664
89 133 444000664
90 126 444000664
90 133 444000664
91 125 444000664
91 134 444000664
92 124 444000664
92 135 444000664
93 134 444000664
93 135 444000664
94 133 444000664
95 131 444000664
95 132 444000664
96 130 444000664
97 129 444000664
234 129 444000665
235 130 444000665
91 75 444000668
92 76 444000668
93 76 444000668
94 76 444000668
95 76 444000668
96 75 444000668
96 89 444000668
97 75 444000668
97 88 444000668
98 74 444000668
98 88 444000668
99 74 444000668
99 87 444000668
99 88 444000668
100 75 444000668
100 85 444000668
100 86 444000668
100 88 444000668
101 75 444000668
101 84 444000668
102 75 444000668
102 83 444000668
103 74 444000668
103 83 444000668
104 74 444000668
104 81 444000668
104 82 444000668
104 83 444000668
105 73 444000668
105 80 444000668
106 72 444000668
106 79 444000668
107 72 444000668
107 79 444000668
107 82 444000668
108 71 444000668
108 79 444000668
108 82 444000668
109 70 444000668
109 80 444000668
109 81 444000668
109 82 444000668
110 70 444000668
110 83 444000668
111 70 444000668
111 75 444000668
111 76 444000668
111 77 444000668
111 83 444000668
111 84 444000668
112 70 444000668
112 74 444000668
112 78 444000668
112 83 444000668
113 70 444000668
113 74 444000668
113 79 444000668
113 83 444000668
114 71 444000668
114 74 444000668
114 79 444000668
114 83 444000668
115 66 444000668
115 67 444000668
115 68 444000668
115 69 444000668
115 70 444000668
115 72 444000668
115 73 444000668
115 79 444000668
115 82 444000668
116 68 444000668
116 69 444000668
116 70 444000668
116 71 444000668
116 78 444000668
116 82 444000668
117 76 444000668
117 77 444000668
117 82 444000668
118 76 444000668
118 81 444000668
119 75 444000668
119 81 444000668
120 75 444000668
120 81 444000668
121 73 444000668
121 74 444000668
121 80 444000668
122 70 444000668
122 71 444000668
122 72 444000668
122 80 444000668
123 67 444000668
123 68 444000668
123 69 444000668
123 78 444000668
123 79 444000668
124 67 444000668
124 77 444000668
125 67 444000668
125 76 444000668
126 67 444000668
126 75 444000668
127 67 444000668
127 75 444000668
128 66 444000668
128 75 444000668
129 66 444000668
129 75 444000668
130 66 444000668
130 75 444000668
131 66 444000668
131 75 444000668
132 66 444000668
132 75 444000668
133 66 444000668
133 75 444000668
134 65 444000668
134 75 444000668
135 65 444000668
135 75 444000668
136 65 444000668
136 76 444000668
137 65 444000668
137 75 444000668
137 76 444000668
138 63 444000668
138 64 444000668
138 74 444000668
139 60 444000668
139 61 444000668
139 62 444000668
139 74 444000668
140 60 444000668
140 73 444000668
141 60 444000668
141 73 444000668
142 59 444000668
142 73 444000668
143 59 444000668
143 73 444000668
144 59 444000668
144 72 444000668
145 59 444000668
145 72 444000668
146 59 444000668
146 72 444000668
147 59 444000668
147 72 444000668
148 59 444000668
148 71 444000668
149 58 444000668
149 71 444000668
150 58 444000668
150 71 444000668
151 57 444000668
152 57 444000668
153 56 444000668
154 55 444000668
155 55 444000668
156 54 444000668
157 53 444000668
158 52 444000668
159 48 444000668
159 49 444000668
159 50 444000668
159 51 444000668
104 120 444000675
105 119 444000675
106 118 444000675
107 118 444000675
108 117 444000675
109 116 444000675
110 115 444000675
111 115 444000675
111 116 444000675
111 117 444000675
111 118 444000675
112 119 444000675
113 119 444000675
114 119 444000675
115 119 444000675
116 118 444000675
117 118 444000675
118 118 444000675
119 116 444000675
119 117 444000675
120 116 444000675
121 115 444000675
122 112 444000675
122 113 444000675
122 114 444000675
123 111 444000675
124 109 444000675
124 110 444000675
125 108 444000675
126 107 444000675
127 106 444000675
128 105 444000675
129 104 444000675
130 103 444000675
131 102 444000675
132 101 444000675
133 100 444000675
134 99 444000675
135 98 444000675
136 97 444000675
137 96 444000675
138 95 444000675
139 94 444000675
140 93 444000675
141 92 444000675
142 91 444000675
143 90 444000675
98 129 444000677
99 129 444000677
99 133 444000677
99 134 444000677
100 129 444000677
100 132 444000677
100 135 444000677
101 130 444000677
101 131 444000677
101 135 444000677
102 134 444000677
103 134 444000677
104 134 444000677
105 135 444000677
105 136 444000677
105 137 444000677
105 138 444000677
105 139 444000677
106 139 444000677
107 139 444000677
108 139 444000677
109 139 444000677
110 139 444000677
111 139 444000677
112 139 444000677
113 138 444000677
114 137 444000677
115 137 444000677
116 137 444000677
117 137 444000677
139 158 444000681
140 158 444000681
141 158 444000681
142 155 444000681
142 156 444000681
142 158 444000681
143 152 444000681
143 153 444000681
143 154 444000681
143 157 444000681
143 158 444000681
144 151 444000681
144 157 444000681
144 158 444000681
145 146 444000681
145 147 444000681
145 151 444000681
146 145 444000681
146 148 444000681
146 149 444000681
146 150 444000681
147 145 444000681
148 144 444000681
149 145 444000681
150 145 444000681
151 145 444000681
152 146 444000681
153 147 444000681
154 148 444000681
155 148 444000681
156 149 444000681
156 150 444000681
156 151 444000681
157 151 444000681
158 151 444000681
159 151 444000681
160 152 444000681
160 153 444000681
160 154 444000681
161 155 444000681
162 146 444000681
162 147 444000681
162 154 444000681
162 156 444000681
162 157 444000681
162 158 444000681
163 144 444000681
163 145 444000681
163 148 444000681
163 149 444000681
163 150 444000681
163 151 444000681
163 152 444000681
163 153 444000681
163 155 444000681
163 156 444000681
163 157 444000681
163 158 444000681
164 143 444000681
164 158 444000681
164 159 444000681
165 142 444000681
165 158 444000681
165 160 444000681
166 142 444000681
166 159 444000681
166 160 444000681
167 143 444000681
168 144 444000681
169 144 444000681
170 138 444000681
170 139 444000681
170 140 444000681
170 145 444000681
171 137 444000681
171 141 444000681
171 142 444000681
171 145 444000681
172 136 444000681
172 143 444000681
172 144 444000681
172 146 444000681
173 135 444000681
173 145 444000681
173 146 444000681
173 147 444000681
174 134 444000681
174 147 444000681
175 134 444000681
176 133 444000681
177 132 444000681
178 131 444000681
179 131 444000681
180 131 444000681
181 132 444000681
182 132 444000681
183 133 444000681
170 63 444001409
171 63 444001409
172 63 444001409
173 63 444001409
174 63 444001409
175 63 444001409
176 63 444001409
177 63 444001409
178 62 444001409
179 62 444001409
180 61 444001409
181 60 444001409
182 60 444001409
183 60 444001409
184 60 444001409
185 61 444001409
186 62 444001409
186 63 444001409
187 64 444001409
188 65 444001409
189 65 444001409
190 66 444001409
191 65 444001409
192 65 444001409
193 65 444001409
194 65 444001409
195 65 444001409
196 65 444001409
197 65 444001409
198 64 444001409
199 64 444001409
200 61 444001409
200 62 444001409
200 63 444001409
201 58 444001409
201 59 444001409
201 60 444001409
202 59 444001409
203 60 444001409
204 60 444001409
205 61 444001409
205 62 444001409
206 63 444001409
207 64 444001409
207 65 444001409
208 66 444001409
208 67 444001409
208 68 444001409
208 69 444001409
208 70 444001409
208 71 444001409
208 72 444001409
208 73 444001409
208 74 444001409
209 75 444001409
210 75 444001409
211 75 444001409
212 75 444001429
213 74 444001429
214 73 444001429
215 73 444001429
216 73 444001429
217 73 444001429
218 74 444001429
219 74 444001429
220 74 444001429
221 74 444001429
222 75 444001429
223 75 444001429
223 77 444001429
223 78 444001429
223 79 444001429
224 75 444001429
224 76 444001429
224 80 444001429
225 80 444001429
226 81 444001429
227 82 444001429
228 82 444001429
228 104 444001429
229 83 444001429
229 103 444001429
229 105 444001429
230 83 444001429
230 103 444001429
230 105 444001429
231 83 444001429
231 103 444001429
231 105 444001429
232 83 444001429
232 103 444001429
232 106 444001429
233 82 444001429
233 104 444001429
233 106 444001429
234 82 444001429
234 103 444001429
234 106 444001429
235 82 444001429
235 103 444001429
235 106 444001429
236 82 444001429
236 103 444001429
236 106 444001429
237 82 444001429
237 103 444001429
237 107 444001429
238 82 444001429
238 103 444001429
238 107 444001429
239 82 444001429
239 103 444001429
239 107 444001429
240 82 444001429
240 102 444001429
240 107 444001429
241 82 444001429
241 102 444001429
241 107 444001429
242 83 444001429
242 101 444001429
242 108 444001429
243 83 444001429
243 101 444001429
244 83 444001429
244 101 444001429
245 83 444001429
245 100 444001429
246 82 444001429
246 100 444001429
247 82 444001429
247 100 444001429
248 82 444001429
248 100 444001429
249 82 444001429
249 100 444001429
250 83 444001429
250 100 444001429
251 83 444001429
251 100 444001429
252 82 444001429
252 100 444001429
253 82 444001429
254 82 444001429
255 83 444001429
256 84 444001429
257 84 444001429
258 84 444001429
259 83 444001429
260 83 444001429
261 82 444001429
262 82 444001429
262 87 444001429
263 82 444001429
263 86 444001429
263 88 444001429
264 82 444001429
264 85 444001429
264 88 444001429
265 83 444001429
265 84 444001429
265 88 444001429
266 83 444001429
266 88 444001429
267 83 444001429
267 87 444001429
268 86 444001429
269 85 444001429
269 90 444001429
270 83 444001429
270 84 444001429
270 90 444001429
271 82 444001429
271 89 444001429
272 81 444001429
272 88 444001429
273 80 444001429
273 88 444001429
274 80 444001429
274 87 444001429
275 79 444001429
275 87 444001429
276 79 444001429
276 87 444001429
277 79 444001429
277 86 444001429
278 79 444001429
278 86 444001429
279 78 444001429
279 85 444001429
280 78 444001429
280 81 444001429
280 82 444001429
280 83 444001429
280 84 444001429
281 78 444001429
281 79 444001429
281 80 444001429
142 14 444001431
143 14 444001431
144 14 444001431
144 15 444001431
145 16 444001431
145 17 444001431
146 18 444001431
302 162 444001471
303 160 444001471
303 161 444001471
303 162 444001471
304 158 444001471
304 159 444001471
304 162 444001471
305 157 444001471
305 162 444001471
306 156 444001471
306 162 444001471
307 155 444001471
307 162 444001471
308 154 444001471
308 161 444001471
309 153 444001471
309 159 444001471
309 160 444001471
309 161 444001471
310 152 444001471
310 158 444001471
311 151 444001471
311 157 444001471
312 150 444001471
312 156 444001471
313 149 444001471
313 156 444001471
314 148 444001471
314 155 444001471
315 146 444001471
315 147 444001471
315 154 444001471
316 154 444001471
317 155 444001471
318 155 444001471
383 152 444001485
384 151 444001485
385 151 444001485
386 151 444001485
387 152 444001485
387 153 444001485
387 154 444001485
387 155 444001485
388 156 444001485
388 157 444001485
389 158 444001485
390 158 444001485
391 157 444001485
391 158 444001485
392 156 444001485
393 156 444001485
394 155 444001485
395 155 444001485
396 156 444001485
397 156 444001485
398 150 444001485
398 157 444001485
399 150 444001485
399 157 444001485
400 151 444001485
400 157 444001485
401 152 444001485
401 158 444001485
402 152 444001485
402 158 444001485
403 153 444001485
403 159 444001485
404 154 444001485
404 155 444001485
404 156 444001485
404 159 444001485
405 157 444001485
405 160 444001485
406 157 444001485
406 160 444001485
407 157 444001485
407 160 444001485
408 157 444001485
408 158 444001485
408 161 444001485
409 159 444001485
410 159 444001485
409 161 444001488
410 160 444001488
410 161 444001488
411 161 444001488
411 162 444001488
412 161 444001488
412 162 444001488
413 161 444001488
413 162 444001488
414 161 444001488
414 162 444001488
415 161 444001488
415 162 444001488
416 162 444001488
417 162 444001488
417 163 444001488
418 163 444001488
418 164 444001488
419 163 444001488
419 165 444001488
420 163 444001488
420 166 444001488
421 163 444001488
421 167 444001488
422 162 444001488
423 163 444001488
33 121 444001495
33 122 444001495
34 120 444001495
34 122 444001495
35 119 444001495
35 121 444001495
36 118 444001495
36 120 444001495
37 117 444001495
37 120 444001495
38 116 444001495
38 119 444001495
39 115 444001495
39 118 444001495
40 115 444001495
40 117 444001495
41 114 444001495
41 116 444001495
42 113 444001495
42 115 444001495
43 112 444001495
43 114 444001495
44 111 444001495
44 113 444001495
45 110 444001495
45 112 444001495
46 109 444001495
46 111 444001495
47 109 444001495
47 111 444001495
48 108 444001495
48 110 444001495
49 107 444001495
49 109 444001495
50 106 444001495
50 108 444001495
51 105 444001495
51 108 444001495
52 105 444001495
52 107 444001495
53 104 444001495
53 106 444001495
54 103 444001495
54 106 444001495
55 103 444001495
55 106 444001495
56 102 444001495
56 103 444001495
56 105 444001495
57 102 444001495
57 105 444001495
58 102 444001495
58 105 444001495
59 102 444001495
59 105 444001495
60 102 444001495
60 105 444001495
61 101 444001495
61 102 444001495
61 105 444001495
62 93 444001495
62 101 444001495
62 105 444001495
63 93 444001495
63 101 444001495
63 105 444001495
64 93 444001495
64 100 444001495
64 105 444001495
65 94 444001495
65 99 444001495
65 105 444001495
66 94 444001495
66 99 444001495
67 95 444001495
67 97 444001495
67 98 444001495
68 96 444001495
423 164 444001504
424 165 444001504
425 166 444001504
426 167 444001504
427 168 444001504
428 168 444001504
428 169 444001504
429 170 444001504
429 171 444001504
422 168 444001517
423 169 444001517
424 170 444001517
425 170 444001517
426 171 444001517
426 172 444001517
427 173 444001517
427 174 444001517
427 175 444001517
427 176 444001517
427 177 444001517
427 178 444001517
427 179 444001517
427 180 444001517
427 181 444001517
427 182 444001517
428 172 444001517
428 173 444001517
428 177 444001517
428 178 444001517
428 179 444001517
428 180 444001517
428 181 444001517
428 182 444001517
428 183 444001517
24 140 444001518
24 141 444001518
25 140 444001518
25 141 444001518
26 139 444001518
26 141 444001518
27 139 444001518
27 141 444001518
28 139 444001518
28 141 444001518
29 139 444001518
29 141 444001518
30 138 444001518
30 140 444001518
31 138 444001518
31 140 444001518
32 138 444001518
32 140 444001518
33 138 444001518
33 140 444001518
34 138 444001518
34 140 444001518
35 137 444001518
35 140 444001518
36 137 444001518
36 140 444001518
37 138 444001518
37 141 444001518
38 138 444001518
38 141 444001518
39 138 444001518
39 141 444001518
40 138 444001518
40 141 444001518
41 138 444001518
41 141 444001518
42 138 444001518
42 141 444001518
43 138 444001518
43 141 444001518
44 138 444001518
44 141 444001518
45 138 444001518
45 140 444001518
46 138 444001518
46 140 444001518
47 138 444001518
47 141 444001518
48 138 444001518
48 142 444001518
49 138 444001518
50 139 444001518
51 139 444001518
52 139 444001518
53 139 444001518
54 140 444001518
55 140 444001518
56 140 444001518
57 140 444001518
58 140 444001518
59 140 444001518
60 140 444001518
61 140 444001518
62 139 444001518
144 89 444001527
145 89 444001527
146 88 444001527
147 87 444001527
148 86 444001527
149 84 444001527
149 85 444001527
150 83 444001527
150 84 444001527
150 85 444001527
151 71 444001527
151 86 444001527
152 71 444001527
152 85 444001527
153 71 444001527
153 82 444001527
153 83 444001527
153 84 444001527
154 72 444001527
154 79 444001527
154 80 444001527
154 81 444001527
155 73 444001527
155 74 444001527
155 75 444001527
155 76 444001527
155 77 444001527
155 78 444001527
160 47 444001527
161 46 444001527
162 45 444001527
163 43 444001527
163 44 444001527
164 42 444001527
165 41 444001527
166 41 444001527
167 40 444001527
168 39 444001527
168 62 444001527
169 37 444001527
169 38 444001527
169 58 444001527
169 59 444001527
169 60 444001527
169 61 444001527
169 63 444001527
170 36 444001527
170 56 444001527
170 57 444001527
171 35 444001527
171 54 444001527
171 55 444001527
172 34 444001527
172 53 444001527
173 33 444001527
173 51 444001527
173 52 444001527
174 33 444001527
174 50 444001527
175 33 444001527
175 49 444001527
176 33 444001527
176 48 444001527
177 33 444001527
177 47 444001527
178 33 444001527
178 34 444001527
178 35 444001527
178 36 444001527
178 37 444001527
178 38 444001527
178 39 444001527
178 40 444001527
178 41 444001527
178 42 444001527
178 43 444001527
178 47 444001527
179 44 444001527
179 45 444001527
179 46 444001527
179 47 444001527
