Month East_Fork_Avg_Flow_m3day South_Fork_Avg_Flow_m3day Sugar_Avg_Flow_m3day French_Avg_Flow_m3day Etna_Avg_Flow_m3day Johnson_Avg_Flow_m3day Crystal_Avg_Flow_m3day Patterson_Avg_Flow_m3day Kidder_Avg_Flow_m3day Moffett_Avg_Flow_m3day Mill_Avg_Flow_m3day Shackleford_Avg_Flow_m3day
1990-10-01 19247.2087154917 22032.6945239302 6436.08939142093 6106.35191918439 18030.8752563669 1069.37167622849 802.028757171368 5346.85838114246 13391.6538487902 3121.85038974698 16593.5762558447 30119.3881394017
1990-11-01 31664.8646543647 32577.4548164882 9758.73174974243 10514.8012607866 29318.4735975766 1791.25603175923 1343.44202381942 8956.28015879613 23424.2653955425 5298.69221029319 21678.1107144483 43557.8457319252
1990-12-01 36534.6011952661 36100.6033465245 10917.4283190161 12342.9215861189 33677.920145223 2080.85061712785 1560.63796284589 10404.2530856393 27660.4207996329 6186.1096665599 22923.8916000811 47865.5161340545
1991-01-01 60463.1928227068 53220.6979652492 16539.3198550543 21461.6687689711 55033.0012938823 3511.54135024264 2633.65601268198 17557.7067512132 48919.7333617022 10589.5872760708 29553.5239076179 68890.2506578982
1991-02-01 107876.648602568 85103.7026107881 27138.8805031013 40125.960516226 97015.6307974553 6382.00335312131 4786.50251484098 31910.0167656065 92947.1533733586 19508.1080896205 41620.5560042686 107682.573770304
1991-03-01 160991.881549718 113179.184248137 37085.4043498032 62905.9156729954 142964.187647242 9711.27793226728 7283.45844920046 48556.3896613364 148203.373681552 30110.572219332 48424.9175450132 139818.979762159
1991-04-01 130586.238379859 97050.0095419132 31386.7301168625 49827.8334641114 116672.408760994 7803.67412335661 5852.75559251746 39018.370616783 116437.251922722 24030.3393623796 44288.4053592073 121285.32107083
1991-05-01 193349.060553763 130330.89190775 43130.5461896123 76918.490280433 170908.11462465 11746.10115071 8809.57586303253 58730.5057535502 182339.269691305 36609.3458860847 53109.8587896855 159608.053706156
1991-06-01 115581.983084726 88339.6498516262 28381.7861396186 43577.8429556759 103584.684909229 6874.47781394955 5155.85836046216 34372.3890697478 101413.953027911 21095.8616745397 41644.8859703539 111044.118087215
1991-07-01 24374.9432054505 26430.0550126676 7819.86853006876 7914.40783230245 22699.1678418498 1366.70784621132 1025.03088465849 6833.53923105661 17495.6766643603 4016.68735129952 18692.3027746072 35726.1397897589
1991-08-01 9175.88304634859 12450.756807771 3494.24023533108 2707.11898963592 8757.8483186459 495.397289161454 371.547966871091 2476.98644580727 5790.39198234086 1416.16362157175 11421.3142347342 17632.4601615708
1991-09-01 8351.85457248146 11667.552669498 3252.04750095947 2433.53507260603 7996.86853635278 448.699217919767 336.524413439825 2243.49608959883 5182.97957981634 1278.06339477646 11070.5755686745 16623.565869847
1991-10-01 11956.5319739296 15267.4195610412 4346.49442940126 3620.26060691451 11336.0120640842 652.170997113659 489.128247835244 3260.85498556829 7813.00353229144 1878.3708774867 13052.1524173902 21350.201734277
1991-11-01 25757.4649535229 27786.0392269319 8231.01893713686 8381.68212881479 23973.1292881168 1445.47791233234 1084.10843424925 7227.38956166169 18542.6300335247 4250.8856469569 19534.5757797657 37519.0034958635
1991-12-01 68948.1538410199 58887.2166259252 18430.7143338819 24790.6985344895 62548.7710696617 4024.73499526204 3018.55124644653 20123.6749763102 56758.7810017712 12182.4850152258 31576.7077652121 75749.3890357138
1992-01-01 61770.3793144612 54105.0127234729 16833.5963691847 21971.7056451105 56192.518813072 3590.43114820833 2692.82336115625 17952.1557410417 50118.4572927311 10834.0611057752 29873.9913680048 69963.5474798947
1992-02-01 165184.756087008 117224.35705082 38325.8577407335 64285.3277576697 146838.985279434 9948.40249861631 7461.30187396224 49742.0124930816 151243.994469255 30809.9682667608 50705.8745250255 145099.517908201
1992-03-01 163803.675864633 114699.137439743 37618.6535732268 64113.3827835171 145397.718711391 9887.51532547409 7415.63649410557 49437.5766273705 151136.352041019 30672.0669813377 48849.5541332231 141579.771291819
1992-04-01 306549.387602697 187296.599915539 63433.8765007434 127181.56084044 268064.863634156 18934.32419995 14200.7431499625 94671.6209997498 305875.513642302 59733.8432669846 68102.4572191214 224736.350365944
1992-05-01 158414.271640405 111780.461336515 36595.1304220024 61800.8291509384 140732.396816144 9549.82334017369 7162.36750513027 47749.1167008684 145520.595680525 29596.4196734712 48032.4053799722 138197.334626837
1992-06-01 42293.7481087149 40715.7720916942 12388.9991972125 14448.6822833134 38875.4084771075 2419.48278824139 1814.61209118104 12097.4139412069 32503.7167513221 7216.02830702441 25084.3940173368 53693.1632860327
1992-07-01 27986.2186811047 29398.559811148 8763.38830110441 9210.94003139569 25971.665938433 1577.60829505665 1183.20622129249 7888.04147528327 20456.9141357609 4654.71472611262 20040.9125335638 39477.8447145721
1992-08-01 6024.95193807902 9004.03892354087 2470.10223928774 1705.66693416314 5811.69943439058 320.026881169825 240.020160877369 1600.13440584913 3596.93412098094 903.993422324158 9238.34940497203 13009.6266734486
1992-09-01 16556.5065469947 19767.3804138276 5717.37870404104 5159.07285451594 15581.9920711908 913.369358997621 685.027019248215 4566.8467949881 11244.4383556128 2652.59755072766 15632.3060143111 27259.9227994533
1992-10-01 35489.519573352 35302.332942321 10659.2758944647 11955.768083971 32738.4693838176 2019.0575032794 1514.29312745955 10095.287516397 26766.5962152326 5997.46824690911 22590.8610037402 46871.9071807744
1992-11-01 43331.2799100043 41483.1776158676 12639.0589208599 14838.3605671299 39804.786013074 2481.16337210732 1860.87252908049 12405.8168605366 33407.634714623 7405.07632145583 25392.818523604 54641.991026092
1992-12-01 79614.3551842834 65788.594335685 20751.5160477236 29032.5042811376 71963.891162276 4673.3086431807 3504.98148238553 23366.5432159035 66793.7604635952 14203.4746668508 33952.0547009615 84048.582630703
1993-01-01 207800.499479589 137773.663120069 45771.6566109503 83254.1037934806 183349.190220837 12659.3145295337 9494.48589715031 63296.5726476687 197838.598193749 39536.314511987 55075.7128002977 168143.907329617
1993-02-01 255941.31102019 165590.15259712 55330.9510124415 103619.056872305 225220.165136708 15656.5505501629 11742.4129126222 78282.7527508146 247119.14900743 49045.0082036965 64343.5639080133 201067.770592996
1993-03-01 636184.892609546 326257.406350686 115151.209117175 284448.444717222 545733.347479138 40472.4657211823 30354.3492908867 202362.328605911 701939.722644888 130474.684900703 96825.2660272476 377491.621949808
1993-04-01 443033.214910435 248744.700704947 85939.722275818 190566.538984016 383838.688587074 27757.3147184163 20817.9860388122 138786.573592081 464046.947275261 88487.8600623379 81999.0398804716 293272.952774261
1993-05-01 638019.303963162 326981.974940302 115424.913166384 285349.212118303 547267.268923999 40593.6910514439 30445.2682885829 202968.45525722 704230.958176175 130876.175872343 96965.9449294416 378278.04171887
1993-06-01 476614.088872587 263148.526953823 91276.0688065427 206485.425183982 412173.81682484 29945.8376990517 22459.3782742887 149729.188495258 504051.560717384 95662.6818542306 85076.2987366603 309176.374059826
1993-07-01 100638.856288369 78806.7655225386 25174.8164026342 37552.679641288 90432.8881771971 5961.27144442877 4470.95358332158 29806.3572221439 87081.3643376946 18238.7569146848 38210.6743428474 99561.4010123244
1993-08-01 32257.8249159525 32798.6757000442 9852.3158555709 10765.7802522826 29828.9089167899 1828.43008025538 1371.32256019153 9142.15040127689 24024.952660231 5416.53715558496 21529.0302150981 43746.4135888036
1993-09-01 27817.5396915513 29483.0209446296 8770.12799558621 9120.61701361687 25840.3840596232 1565.7438719881 1174.30790399107 7828.71935994049 20229.7954065269 4614.6238935728 20307.3593233329 39664.6363543922
1993-10-01 34255.5017357625 34352.7588912392 10352.7273268141 11500.0627773026 31628.2800364373 1946.18387461653 1459.63790596239 9730.91937308263 25715.6464469293 5775.20320664263 22191.2991340795 45688.1554240466
1993-11-01 41190.1240895604 39894.7218237362 12121.8255127498 14035.2093897803 37886.1976320197 2353.93736954461 1765.45302715845 11769.686847723 31545.4226136016 7015.27900659493 24752.1764854972 52676.7819003438
1993-12-01 74880.0348118185 62753.3450703786 19728.6015738633 27142.3667742523 67789.071572878 4384.98728213007 3288.74046159755 21924.9364106504 62316.2089969603 13304.0359863092 32918.5356847543 80405.560442231
1994-01-01 107460.399226939 82891.1736963951 26573.6580480621 40356.8542041733 96403.3218069686 6381.52309428636 4786.14232071477 31907.6154714318 93791.2524449919 19560.8814239728 39495.4291339492 104394.546929496
1994-02-01 106910.01867053 84515.5654508636 26938.2133454026 39731.320427579 96168.1133584268 6322.61375507426 4741.96031630569 31613.0687753713 92005.0777783184 19321.6371127887 41432.0845754498 106984.29880139
1994-03-01 148318.647807248 106250.724482999 34661.1362815238 57489.7977982774 131982.275500187 8918.4548318978 6688.84112392335 44592.274159489 135069.191545854 27588.1408666088 46463.7026150934 131773.827727104
1994-04-01 138925.888864466 101791.135172924 33030.438048057 53332.8459402882 123930.15330261 8321.96263838689 6241.47197879017 41609.8131919345 124888.24760082 25671.3666582159 45692.7098580045 126835.488328883
1994-05-01 187291.627416079 127173.544582548 42013.3034629703 74276.4615820186 165686.469355734 11364.0950704705 8523.07130285286 56820.4753523524 175887.260950905 35386.7817090609 52264.2458283352 155977.976803951
1994-06-01 58191.8002446233 52063.9555454219 16117.7686630788 20511.9274420034 53060.4800242456 3370.33757881449 2527.75318411086 16851.6878940724 46642.9289719847 10143.2988350356 29463.4754708543 67621.7077370781
1994-07-01 9137.04536442817 12410.1347620324 3482.04110714841 2694.53967814769 8721.71140786664 493.219481397588 369.914611048191 2466.09740698794 5762.66094181615 1409.76846289328 11396.9128283591 17578.486654045
1994-08-01 4675.73749018988 7406.40058981873 2004.15251288211 1291.19462490726 4539.12292733058 245.935041497772 184.451281123329 1229.67520748886 2699.70381348975 689.726350139063 8129.72496158801 10831.3868673119
1994-09-01 3957.31477050221 6562.3079474519 1756.67854574556 1071.6168882209 3861.04766082162 206.545028248603 154.908771186452 1032.72514124302 2225.56286262451 575.987057086733 7596.32920097001 9688.72414790512
1994-10-01 7128.35542847625 10249.6348746371 2837.49738048142 2051.60338799715 6846.99416119931 381.10947632169 285.832107241268 1905.54738160845 4351.06120150944 1081.68241156127 10055.922268087 14691.0806027304
1994-11-01 7891.7978880161 11169.1755829288 3103.61307656076 2286.74198268608 7567.15377302108 423.053898367325 317.290423775493 2115.26949183662 4861.03836022759 1203.08125491694 10758.7642659468 15956.5398989441
1994-12-01 30206.1522994148 31179.3941181044 9332.6798383283 10016.2842210197 27977.9756576647 1707.78734467969 1280.84050850976 8538.93672339843 22302.8833227894 5049.72593599385 20827.3316855922 41717.1376670064
1995-01-01 576451.156674341 302390.885040165 106160.076726791 255260.030933548 495721.585187941 36532.639198043 27399.4793985323 182663.195990215 627819.363668697 117444.664472811 92129.0803888784 351525.797162623
1995-02-01 673793.382221589 349079.864110333 122911.182149327 299956.230092935 578640.504901149 42791.4896202094 32093.6172151571 213957.448101047 739102.182407052 137777.340996966 104828.788927642 404752.935931071
1995-03-01 733617.219864432 364117.128586158 129507.76595708 332628.596671622 627059.053766214 46929.0442359282 35196.7831769462 234645.221179641 824789.815876239 151901.940437199 104038.51761677 418444.151782757
1995-04-01 530437.221194669 285760.326320609 99694.3830181993 232227.719375713 457485.709316694 33465.9011671471 25099.4258753603 167329.505835735 568940.665899169 107232.483127648 89792.3108142787 334034.926116012
1995-05-01 600235.267351842 311958.752342343 109758.769389872 266848.038577888 515649.630561758 38099.5482649336 28574.6611987002 190497.741324668 657216.07456429 122622.459513378 94026.5879901548 361949.949857089
1995-06-01 472916.642247161 261574.279335413 90691.8205225809 204727.124432489 409056.485510363 29704.5683036279 22278.4262277209 148522.841518139 499628.107069753 94870.9857583016 84742.8583675684 307440.905491206
1995-07-01 204666.644044366 136170.0351072 45201.7341753609 81876.4198316132 180653.194228005 12461.0654130521 9345.7990597891 62305.3270652607 194465.07493753 38900.39522013 54655.3132492665 166307.227782212
1995-08-01 48402.8394094177 44837.219193182 13767.3666333785 16809.958585306 44303.2651451417 2786.99996132679 2090.24997099509 13934.9998066339 38030.1632660631 8351.76320774706 26417.3664284927 58657.348681683
1995-09-01 28492.5441959957 30032.7010019346 8945.22799191819 9363.92665249765 26451.4390754715 1605.22660160041 1203.91995120031 8026.13300800207 20786.2666098315 4734.20679849583 20554.3551222729 40357.9828402821
1995-10-01 36368.3611104658 35973.9775088376 10876.4518556167 12281.2639796766 33528.528414531 2071.01661967902 1553.26246475926 10355.0830983951 27518.0129867878 6156.07818100694 22871.2356589503 47707.9961689015
1995-11-01 46116.6107443086 43522.8614298218 13305.2563363256 15888.9592170596 42297.0351477384 2647.028854122 1985.2716405915 13235.14427061 35848.2422635824 7914.07434741845 26203.1527177059 57158.6546948879
1995-12-01 387401.903165865 222631.671618137 76497.2550284474 164988.320713025 336498.344566325 24176.7635082538 18132.5726311903 120883.817541269 400389.965252156 76852.0841457977 75398.8272646227 263757.327738034
1996-01-01 453092.90970324 251187.366766101 87043.2845612762 195952.463129653 392008.651996678 28448.3603058335 21336.2702293751 142241.801529167 478052.113409255 90833.0404147417 81595.4142881762 295373.908432619
1996-02-01 860174.610361283 417966.374300751 149405.779239353 393563.642347376 733524.34760944 55222.1515699864 41416.6136774898 276110.757849932 978933.230550681 179214.704200239 116521.157520833 478215.16524315
1996-03-01 498887.563039052 270529.629443953 94235.2833869046 217804.793847925 430584.314309224 31440.6492788426 23580.4869591319 157203.246394213 533092.292761469 100661.628931025 85654.6094368264 316661.702306851
1996-04-01 515808.541615855 279669.017968884 97421.8408856569 225204.651738101 445182.288822588 32507.7461180833 24380.8095885625 162538.730590416 551214.462965813 104079.756347075 88534.9864786569 327350.765876828
1996-05-01 527170.657579112 282270.963828911 98618.8559894624 231400.814577582 454363.841679955 33294.0946470151 24970.5709852613 166470.473235076 567423.932138849 106762.518650628 88069.706299215 329537.707630464
1996-06-01 233685.965707827 151955.916070929 50714.8455994726 94405.1613052636 205749.994695557 14282.9795784687 10712.2346838515 71414.8978923434 224978.264111535 44714.3446871124 59392.1648634506 184705.83858365
1996-07-01 71015.7259883232 60243.1215495294 18885.2400550223 25608.209699885 64376.532381111 4150.1706709475 3112.62800321063 20750.8533547375 58688.9498732745 12572.6970293763 32050.6760681998 77384.465729791
1996-08-01 19906.9927287983 22612.3402171033 6617.46312613497 6336.58742913753 18633.1442928022 1107.47332743104 830.604995573282 5537.36663715522 13912.3841238745 3236.173509104 16878.0009001608 30862.1481904914
1996-09-01 17745.400136848 20852.2581634368 6053.82072365955 5567.27489256875 16671.7719281853 981.588568771863 736.191426578897 4907.94284385931 12162.5499468011 2856.33080614002 16188.5995033305 28661.0900034355
1996-10-01 32720.7745957428 33160.7457393743 9968.75580878519 10935.5588046701 30246.146078554 1855.69431193764 1391.77073395323 9278.47155968822 24415.5634366621 5499.5265654874 21684.2772810411 44199.2994370251
1996-11-01 412394.75169595 235382.803910773 81008.7280288851 176145.235064151 357939.173295989 25766.1410727017 19324.6058045262 128830.705363508 427894.174580179 81973.410970605 79088.8458660327 278468.941691636
1996-12-01 879582.972818415 418753.90612556 150409.471899183 405972.275951852 748396.025278539 56663.0538021071 42497.2903515803 283315.269010535 1012834.04384073 184355.65848942 114007.104921503 477087.426933835
1997-01-01 1105388.6906431 499364.656788633 181593.608480233 521756.609007496 935127.834577307 71842.2820497119 53881.7115372839 359211.410248559 1311768.58316856 235261.517646976 127929.80912907 562762.985429707
1997-02-01 411826.914851178 238886.433355498 81902.2637368768 174692.790555498 358080.21886133 25660.6589517668 19245.4942138251 128303.294758834 423359.781609261 81475.0693876097 81783.9492340065 283563.680387166
1997-03-01 301601.395688054 183576.130275842 62229.380493316 125331.608123688 263628.386510183 18640.6225984066 13980.466948805 93203.1129920332 301594.302681598 58834.8282778959 66456.7994356098 220098.781564343
1997-04-01 333190.38096926 199716.678150936 67945.832622901 139368.908704532 290750.604709835 20646.334523521 15484.7508926407 103231.672617605 336129.967952873 65288.9932461027 71025.1604846176 238688.908930545
1997-05-01 247563.016964511 157670.791449505 52880.2617510491 100902.708973305 217472.128991617 15184.2440237428 11388.1830178071 75921.220118714 241197.632196425 47657.9711099598 60159.2057697241 190827.455676813
1997-06-01 114115.020566051 87474.543811174 28084.439228172 42970.8865011531 102302.888311062 6783.87168832363 5087.90376624272 33919.3584416182 99958.3736328508 20810.2771249029 41377.5235302377 110023.650861984
1997-07-01 40381.2285407633 38995.120781766 11856.7902586885 13777.0810070418 37130.0702037477 2308.86835327053 1731.6512649529 11544.3417663526 30978.7908597407 6883.49160481424 24110.7235110452 51457.1575119856
1997-08-01 17777.4127574658 20724.659643417 6028.04200107324 5596.27329352646 16687.3069640487 984.677159949411 738.507869962058 4923.38579974705 12240.1749634388 2868.13055724208 15942.0487149874 28438.7665515532
1997-09-01 22574.9833162582 25101.409161449 7382.91380833529 7251.66699709736 21080.9984638445 1260.42901357804 945.321760183532 6302.14506789022 15971.5131505467 3692.85352898833 18277.7745916213 34107.7824447488
1997-10-01 43899.5057143327 41587.4783788405 12702.2703562912 15100.6521101697 40280.271242 2518.16296929002 1888.62222696751 12590.8148464501 34050.7512746617 7525.27388012554 25148.0380188248 54659.8436490099
1997-11-01 85118.8341734756 69789.3401758111 22054.0478829882 31143.6692277404 76873.4606903007 5003.01128771041 3752.2584657828 25015.056438552 71733.1954825224 15220.2279044143 35691.6104409635 89015.0732242038
1997-12-01 107112.525109578 82684.353558869 26502.7072001624 40213.4188140002 96099.0873610226 6360.06619877924 4770.04964908443 31800.3309938962 93447.680786542 19493.3183998239 39430.9073454159 104150.173657432
1998-01-01 519426.457517457 279070.765428083 97422.7848982414 227670.802765215 447856.032458474 32786.2106107466 24589.65795806 163931.053053733 557998.861949319 105089.798296059 87414.9509352794 326031.58948342
1998-02-01 570809.494877845 307202.244967865 107200.191500804 250009.791134571 492251.492795711 36019.1156225782 27014.3367169337 180095.578112891 612595.527187714 115427.846959122 96417.8378765226 359024.454729633
1998-03-01 809322.752002256 392737.96920198 140431.3499401 370505.951679354 690059.829867897 51969.0998117226 38976.8248587919 259845.499058613 921759.400219088 168684.964515951 109320.372157814 449226.899998272
1998-04-01 490431.208577477 269006.811481216 93452.3903891567 213067.852990337 423817.732683552 30848.0830225646 23136.0622669234 154240.415112823 520621.534217235 98624.8224403381 86311.133041772 315629.003143043
1998-05-01 579169.608958676 303488.986708945 106572.696591417 256582.168563933 498000.333105976 36711.6074297848 27533.7055723386 183558.037148924 631171.354044573 118035.756718495 92347.8999423611 352723.199555475
1998-06-01 600743.468835043 314520.621920846 110469.142918085 266238.524137367 516501.469387213 38084.6786708868 28563.5090031651 190423.393354434 655008.77787536 122463.614399187 95608.3569706861 365478.546585991
1998-07-01 257444.610378029 162497.817512495 54614.6397352645 105333.871719426 225929.871242305 15814.2747450104 11860.7060587578 79071.3737250519 252122.505114624 49690.5380367099 61358.2801691076 196302.906414576
1998-08-01 60256.328160212 53080.3533152731 16492.6482766084 21381.0529749312 54849.4480108408 3499.06290892212 2624.29718169159 17495.3145446106 48730.3440957159 10550.9311284362 29502.4957055916 68719.8126975961
1998-09-01 37721.1988170459 37280.184711442 11273.649110992 12742.7699504576 34772.4607601602 2148.36519661994 1611.27389746496 10741.8259830997 28555.6818964225 6386.67224649282 23678.140874257 49431.4639846807
1998-10-01 54114.1473420979 48860.6984758932 15093.547915728 19000.1777792443 49391.9370573083 3129.33648911226 2347.0023668342 15646.6824455613 43147.2493706282 9407.34725348386 27945.6926301586 63581.9669153307
1998-11-01 250753.899229717 160437.266246491 53749.9790655815 102003.143920783 220386.023241427 15368.0625825429 11526.0469369072 76840.3129127147 243663.816008738 48207.5858137016 61541.2742187069 194360.778777024
1998-12-01 327258.790408393 195494.756248999 66562.8361116634 137087.020829678 285467.951743504 20290.4238325478 15217.8178744108 101452.119162739 330791.905639012 64190.4975667019 69249.8340952395 233478.025381756
1999-01-01 401165.945976497 228701.429724715 78731.3515100887 171436.245123455 348147.654904538 25069.6038068026 18802.2028551019 125348.019034013 416527.864980001 79769.1461214999 76737.9208916144 270497.698017137
1999-02-01 553983.732535003 300201.535767164 104587.891532641 241929.238999018 478101.429410333 34916.9103803782 26187.6827852837 174584.551901891 592197.901054529 111800.786336261 94974.1050199955 351343.625782918
1999-03-01 528808.168942953 282946.259498752 98871.3690962233 232190.216957045 455739.608683848 33401.5238877196 25051.1429157897 167007.619438598 569419.211195278 107116.427393339 88207.5422819008 330277.242327792
1999-04-01 455978.893365817 254326.188580943 88005.0518680199 196689.846203457 394768.283209825 28600.2716920444 21450.2037690333 143001.358460222 479423.29274569 91249.6330966233 83198.6012618147 299442.122377163
1999-05-01 560910.141458123 296090.14390931 103794.57003662 247713.37131993 482689.063596456 35510.1344164164 26632.6008123123 177550.672082082 608696.75189842 114069.086261358 90868.1745833983 344650.049569776
1999-06-01 440755.705816125 247758.912324672 85575.2847439106 189491.076727514 381915.040018812 27609.112703254 20706.8345274405 138045.56351627 461347.88782379 88002.541706863 81786.2141884072 292182.48460065
1999-07-01 110186.659529709 84506.7337160229 27128.3106995037 41482.5122148919 98786.7294270393 6549.77145656737 4912.32859242553 32748.8572828368 96488.8401365069 20090.8717643137 39997.5371230729 106302.159773878
1999-08-01 38832.9931774446 37838.0645595574 11480.6806612407 13198.1563039015 35741.651038754 2216.98723600628 1662.74042700471 11084.9361800314 29637.9267040357 6602.24009487903 23640.0793027867 50023.4830078706
1999-09-01 32965.4820346486 33603.6266245022 10088.0617434646 10989.9949886334 30491.7942885239 1867.73929544167 1400.80447158126 9338.69647720837 24516.1390043577 5531.24692395621 22122.6140895947 44843.7489836164
1999-10-01 38653.6360350386 37703.346245973 11436.941464163 13131.2346100485 35580.718926946 2206.35221794506 1654.76416345879 11031.7610897253 29483.0424328602 6569.7062086883 23584.9602446896 49856.3826607685
1999-11-01 85845.5895600561 70247.9852220714 22209.1921197486 31435.7803397328 77513.2212677032 5047.38867894888 3785.54150921166 25236.9433947444 72426.7818775534 15358.9360447703 35844.9483299374 89563.7554058415
1999-12-01 107671.508808032 83016.6088466097 26616.6953594163 40443.9210835486 96587.9362854677 6394.54565710024 4795.90924282518 31972.7282855012 93999.8225724538 19601.8896234287 39534.534105161 104542.739440296
2000-01-01 337509.56150789 200195.919476776 68277.2886353315 141809.350974138 294181.159817168 20950.9850829088 15713.2388121816 104754.925414544 342543.094331256 66338.2377855782 70335.229032437 238741.269260176
2000-02-01 399024.527429251 231273.748655563 79307.3094570169 169320.446422632 346917.974815699 24866.330578597 18649.7479339478 124331.652892985 410388.756958931 78960.8618180039 79103.735465785 274481.297837273
2000-03-01 414961.439343683 234737.269711229 80957.0950520804 177920.71593045 359813.488121783 25965.675238297 19474.2564287227 129828.376191485 432776.050578325 82699.6184208058 78057.407409915 277189.432543885
2000-04-01 493879.294990351 270462.81715424 93993.8079323442 214713.367576125 426722.195459842 31073.3944966288 23305.0458724716 155366.972483144 524766.27176232 99364.9091994307 86616.589238075 317231.369794581
2000-05-01 402436.929578368 229259.483884054 78936.9652388443 172032.758663401 349222.849460337 25152.1099111164 18864.0824333373 125760.549555582 418021.775620719 80038.8524390184 76860.4169806515 271116.848310301
2000-06-01 248837.314913957 159491.645881638 53411.010339605 101147.358340798 218743.803838676 15246.0706659806 11434.5529994855 76230.3533299032 241557.00272529 47814.5082938412 61303.6400538295 193285.905283331
2000-07-01 63633.0506791321 55357.7369620256 17251.046783551 22700.307272803 57843.7057348601 3702.95632538737 2777.21724404053 18514.7816269369 51832.3458608019 11183.0216790878 30324.886985155 71482.1317169805
2000-08-01 12893.5568104104 16181.2344444636 4625.48295725657 3932.97523901515 12201.2061201716 705.338453853115 529.003840389836 3526.69226926557 8509.51213634296 2035.85421193525 13558.2866925099 22546.842818674
2000-09-01 15572.1591474027 18855.5676010493 5435.60567966052 4823.26236594124 14678.2189565504 857.029944589031 642.772458441773 4285.14972294515 10490.8117117307 2484.65453973113 15156.5464212456 26078.5996067531
2000-10-01 28271.3486868438 29629.0582922448 8836.94005466039 9314.03875599434 26229.5758257203 1594.30686808617 1195.73015106463 7971.53434043085 20692.9638961845 4705.33609171554 20143.6101900542 39768.1454734509
2000-11-01 43848.3532555732 41864.0501597225 12763.2875451724 15032.9073654294 40267.7486487945 2511.92448449799 1883.94336337349 12559.6224224899 33859.1897520277 7499.40581232874 25545.160502798 55112.5011532478
2000-12-01 50889.1263295355 46601.4410958774 14347.8867842923 17760.470557974 46520.2616647647 2935.84630392743 2201.88472794557 14679.2315196371 40248.5086274088 8810.31524288697 27093.1079658637 60819.9325107424
2001-01-01 51656.2205095779 47141.7286704946 14525.98082203 18054.6633353292 47203.7149539963 2981.82738955673 2236.37054216755 14909.1369477836 40935.8570455507 8952.09943172521 27298.2741764904 61481.1954538417
2001-02-01 64475.588545031 57243.5021933737 17753.4132712379 22801.7963670351 58740.5265607983 3739.13378295375 2804.35033721531 18695.6689147687 51908.6660895976 11263.9319650468 32106.5853850083 74230.1780999579
2001-03-01 162905.782930253 114214.425030606 37448.5464462287 63727.5785283507 144620.732114381 9831.22444626129 7373.41833469597 49156.1222313064 150199.034474812 30492.6935294878 48714.3500511561 141018.413363652
2001-04-01 123119.320571378 92745.7525272472 29899.3482891767 46708.1594694394 110164.283130554 7340.70805023251 5505.53103767438 36703.5402511625 108930.668297322 22566.9860945907 42992.8296814748 116232.036343563
2001-05-01 168119.579546705 117020.571262126 38434.0440191701 65970.706357727 149130.975734483 10158.2544282865 7618.69082121484 50791.2721414323 155651.15644619 31535.1763232405 49494.3716530617 144266.260154185
2001-06-01 28840.4316207491 30314.8283789956 9035.18702132179 9489.54668033797 26766.2250095005 1625.58962205569 1219.19221654177 8127.94811027847 21073.7456475808 4795.91260618354 20680.5204095583 40713.5423184213
2001-07-01 6102.38159651323 9093.06203161052 2496.24733844994 1729.75239312568 5884.49617530286 324.299989626557 243.224992219918 1621.49994813278 3649.29737780777 916.395647563328 9298.02657551924 13130.2567521619
2001-08-01 4470.89291455274 7155.12571076629 1931.4734203245 1229.21431115112 4345.16192412982 234.753102124215 176.064826593161 1173.76551062107 2566.23109601753 657.530647339334 7948.13877405324 10486.2868698668
2001-09-01 3730.46664247329 6270.52672854207 1673.22110807245 1004.35574861111 3645.13187826573 194.260621863804 145.695466397853 971.303109319022 2081.72387525343 540.823688674224 7373.54553797048 9284.02546774102
2001-10-01 3506.39287844858 5933.45870911386 1580.78393180585 941.332533771638 3428.69991582572 182.38620338852 136.78965254139 911.931016942598 1949.17809446299 507.345520917146 7031.55165886424 8797.18888715089
2001-11-01 33980.2010174866 34397.7791842901 10343.4157798254 11362.0158794246 31406.3870278633 1927.49163387519 1445.61872540639 9637.45816937593 25371.9639365135 5713.11122530206 22463.4015834945 45837.2365806687
2001-12-01 162168.379130587 113815.891253152 37308.7211738504 63410.8887090931 143982.543266574 9785.00396245357 7338.75297184018 48925.0198122678 149429.76173626 30345.4308073556 48603.0357713524 140556.750707595
2002-01-01 387982.488174441 222888.690883819 76591.7702907523 165259.854288119 336989.935436558 24214.4001564408 18160.8001173306 121072.000782204 401069.175468382 76974.9908933311 75455.7839077635 264042.972036272
2002-02-01 254923.791855112 165082.712855859 55149.5118107905 103166.793490726 224347.281716216 15591.901679384 11693.926259538 77959.5083969202 246007.497266094 48836.9747246751 64214.4500330544 200489.685920197
2002-03-01 226505.761311694 147233.462672698 49142.9444803195 91518.6801350438 199420.203593271 13844.9705499815 10383.7279124861 69224.8527499074 218111.08891856 43345.0567207156 57522.15659187 178952.092006071
2002-04-01 371979.617467057 217401.641399299 74404.2260605647 157283.612594576 323700.298595342 23148.413183783 17361.3098878372 115742.065918915 380748.347917206 73430.1722348095 75080.7038272799 258464.256725194
2002-05-01 271777.815681278 169424.642418706 57109.7877802857 111790.812341289 238183.347100263 16729.7878891627 12547.340916872 83648.9394458133 268067.005457762 52648.032192566 63057.6870973299 204142.733827556
2002-06-01 166751.772775565 117164.899223391 38396.3080454029 65171.6336349099 148070.284197936 10059.6434909166 7544.73261818745 50298.217454583 153553.534666101 31192.7965425859 50098.7282268576 144726.538193186
2002-07-01 25468.2005095891 39989.8890554967 10708.1187099171 12028.7819556018 32915.8999157347 2030.71933547638 1523.03950160728 10153.5966773819 26935.0968008059 6033.05745378637 22654.1091460581 47060.1251320453
2002-08-01 10717.6375246427 13132.6574676034 3857.99124735631 3088.76042082878 9845.66290568893 561.220965659327 420.915724244495 2806.10482829663 6633.52323260727 1609.80368402631 12134.3821192854 19231.5303437535
2002-09-01 7152.19468292736 7274.52412448256 3277.70442123805 2459.13728616628 8071.51254921499 453.163317741651 339.872488306239 2265.81658870826 5239.19158193068 1291.12774594332 11123.9068648436 16738.476184576
2002-10-01 12966.9208048512 17378.6729228742 4163.47624695486 3418.68081313746 10773.8753209708 617.767963663868 463.325972747901 3088.83981831934 7364.99482180175 1776.65322477998 12713.251359145 20560.068781167
2002-11-01 32188.953721225 59713.078071145 12700.5082189242 14934.5136263407 40033.6858660985 2496.36949132164 1872.27711849123 12481.8474566082 30028.6157833601 7451.70218667815 25468.2463497152 54874.7983632048
2002-12-01 414800.085220441 234666.942550642 80931.1382517234 177844.748939196 359677.099892535 25955.1879116554 19466.3909337416 129775.939558277 258863.304330468 82665.3049728478 78042.1012838221 277111.524996746
2003-01-01 669524.331124057 339352.82803523 120104.470473722 300858.514896299 573594.482404196 42677.7462172511 32008.3096629383 213388.731086256 608102.810859714 137783.481331194 99351.4598244805 391688.473992038
2003-02-01 403226.591379211 260474.332340037 80489.3794368088 170690.93340851 350788.660159834 25104.2588535435 18828.1941401576 125521.294267718 255941.152748691 79660.7542401926 80918.2419727399 279271.041350427
2003-03-01 425299.517683329 239230.228402448 82616.5099009074 182793.972955788 368549.222623098 26637.9325784931 19978.4494338698 133189.662892466 342011.809588843 84899.9579688145 79032.0061992106 282163.701934557
2003-04-01 427025.119971125 389823.153755904 83371.096849543 183018.995718295 370312.448084155 26716.2697678902 20037.2023259177 133581.348839451 445115.104407188 85080.2598557556 80491.4172018848 285574.806345887
2003-05-01 514167.872431125 276891.475904925 96608.8276843888 225141.095831011 443435.609699162 32441.5062436666 24331.1296827499 162207.531218333 439918.7700542 103954.913844677 86967.5864068705 323642.550251166
2003-06-01 380906.099803775 221410.190569831 75873.359049997 161433.021153345 331270.355499695 23725.6828101716 17794.2621076287 118628.414050858 278481.342641192 75311.9864377825 75983.866666635 262932.496376373
2003-07-01 86340.9090718637 129037.830285646 22100.1028614453 31571.8989580355 77525.2402834607 5059.08369277409 3794.31276958057 25295.4184638705 45474.9833703911 15409.2846831112 35284.8610458471 88817.8716340189
2003-08-01 53509.2654028552 62822.0874051221 13303.760584703 16060.342562451 42544.9263947154 2669.29289812073 2001.96967359055 13346.4644906037 16008.583177456 7989.61374463361 25869.7307409634 56922.2200164254
2003-09-01 23071.3326773107 34089.1377133824 8992.80206149991 9430.30778791562 26617.839425859 1615.98881868697 1211.99161401523 8079.94409343485 5938.68662269978 4766.81676550624 20621.1376532092 40546.0721486983
2003-10-01 37220.7829598352 36621.8803452257 11086.2208647688 12597.7129644011 34294.3774668986 2121.46022015052 1591.09516511289 10607.3011007526 4425.16889548391 6310.16587121353 23139.9903695973 48513.6154470286
2003-11-01 56988.8551169416 51232.7499008596 15842.541427189 20046.789681784 51990.9474548917 3297.99756924919 2473.49817693689 16489.9878462459 24102.9776344262 9919.70784827558 29154.7675186781 66608.4242717002
2003-12-01 160472.342755637 112897.676128759 36986.6970622099 62683.0356952229 142514.424436309 9678.7273060578 7259.04547954335 48393.636530289 323150.977367641 30006.8957605577 48346.055561431 139492.70630366
2004-01-01 218298.723676911 143105.910640924 47670.036097171 87883.9653879865 192373.24234231 13324.2712273677 9993.2034205258 66621.3561368386 300996.720890893 41671.2441297516 56461.5997228107 174241.657808697
2004-02-01 393520.555497202 228812.003002041 78404.2277788107 166757.58404305 342252.410427794 24510.1518755012 18382.6139066259 122550.759377506 240470.997952607 77799.1968945655 78551.6539147044 271739.528288051
2004-03-01 420863.481126357 237305.420372396 81905.3372722496 180701.433962616 364801.409279835 26349.3906900607 19762.0430175455 131746.953450303 325784.611860994 83955.3546752248 78615.26399947 280033.411963268
2004-04-01 381696.121898047 221763.914901636 76003.089149013 161800.719936476 331940.11294516 23776.7984228467 17832.598817135 118883.992114233 338361.604282463 75478.6765319976 76063.2915464136 263326.543297964
2004-05-01 355007.087509144 208145.734082497 71182.8852423564 149902.467591937 309038.866298048 22080.3120212045 16560.2340159034 110401.560106022 295744.447126055 70014.3711450037 72150.8482335268 247624.286618192
2004-06-01 173013.306234478 120540.178644035 39581.2482209144 67863.7471559926 153487.802513867 10452.2891340575 7839.21685054314 52261.4456702876 167698.169309582 32444.2048909479 51038.6403626484 148634.360443095
2004-07-01 39938.7179939321 38665.4715834199 11749.5545404166 13611.3890419106 36733.3767775288 2282.59309896854 1711.9448242264 11412.9654948427 40139.8412741772 6803.03033244109 23977.1329166069 51048.9704193595
2004-08-01 9387.99547640698 12671.9238369397 3560.707274934 2775.91268386631 8955.14294127208 507.297669953128 380.473252464846 2536.48834976564 6777.05106215808 1451.12270493245 11553.6886464099 17926.1291425946
2004-09-01 9894.34209625096 13295.0080871209 3739.77912871317 2931.30331887915 9433.453219901 535.067828545227 401.30087140892 2675.33914272614 3902.30918561088 1531.41623464416 12058.2491593429 18789.8714494749
2004-10-01 27959.2625545104 29376.7407193559 8756.42795031701 12793.2919200632 25947.279782936 1576.02995542368 1182.02246656776 7880.14977711841 20434.6143910411 4649.93077765117 20031.1767377652 39450.3574308843
2004-11-01 48476.6966118972 45229.0661573552 13864.2239899737 26969.5642148698 44405.8100460851 2787.87609722473 2090.90707291855 13939.3804861237 29265.2800680557 8346.98464440111 26870.9649455959 59258.2402519499
2004-12-01 167472.951600087 132115.796879616 48465.1591929303 101549.220934888 196172.564717914 13604.8503480303 10203.6377610228 68024.2517401517 198534.369866461 42572.9614407236 29272.251530854 176786.697008524
2005-01-01 221145.857164628 160606.718428924 48182.0909817011 70951.076102016 194818.672689555 13504.824509994 10128.6183824955 67524.1225499697 125133.153433425 42251.4424188647 26099.5782724546 175881.244040319
2005-02-01 233474.477025353 145572.035450688 45750.8694533137 66145.2766123474 179882.473204526 12321.9495059097 9241.46212943231 61609.7475295487 124516.517213862 38347.6101239416 42727.9263717806 170201.444026591
2005-03-01 292801.437528898 188308.41777465 47888.0961406955 60533.3430147345 193414.053564551 13401.0990900116 10050.8243175087 67005.495450058 188381.026217379 41918.1002775485 54614.1764878699 174940.144679438
2005-04-01 344071.942614259 252569.52033097 54320.0234202051 55537.5664660608 223152.000753372 15573.6671374329 11680.2503530747 77868.3356871644 273930.687415339 48870.2691289154 72745.2412448256 196166.513038682
2005-05-01 499921.397445618 270961.455903819 94396.2708442873 211590.472780317 431454.115875941 31508.3281858304 23631.2461393728 157541.640929152 464062.655706178 100884.234800828 100862.597617771 317135.863839348
2005-06-01 334530.246172954 394063.907729818 54745.862133775 89055.8334521856 225221.719750434 15727.6258296517 11795.7193722388 78638.1291482584 181657.589650251 49366.6494419642 41836.6690118784 197513.919357182
2005-07-01 108596.975212874 105519.008618905 17854.4280540672 13716.681898254 60243.1881065613 3866.8505653621 2900.13792402158 19334.2528268105 44272.2087321323 11691.8027896471 16857.7862685101 73669.1160909417
2005-08-01 20219.8728557692 23187.3483412373 5056.3497892641 449.856656041703 13556.0423253632 789.087239816457 591.815429862342 3945.43619908228 7720.17159543849 2284.57007736206 12161.9141571976 24377.6803807326
2005-09-01 14744.7753554534 9427.52229585408 4114.82731071482 848.15079478272 10561.8868414669 603.525902494027 452.64442687052 3017.62951247014 4322.3069349504 1733.03708412559 11131.9791815232 20431.8354605276
2005-10-01 21241.5679046227 23771.5630169305 6981.16139862013 7489.71871199257 19849.8623749269 1184.69128182124 888.518461365929 5923.4564091062 14972.5936914989 3468.19009355138 17439.3758824168 32344.0797333687
2005-11-01 103292.997333736 81010.7125386272 25869.4105525885 99396.7489116518 92833.6645770511 6116.88687459403 4587.66515594552 30584.4343729702 95845.1174584992 18711.28207299 39350.0302926735 102378.766389551
2005-12-01 914502.119662948 431504.879184721 155316.05253799 423704.05730973 777344.724790502 59001.4191032261 44251.0643274195 295007.09551613 1058460.97070342 192175.686532418 116267.290566721 490702.977831565
2006-01-01 984728.093157931 456816.506519722 165085.900319737 459563.717553583 835480.33895761 63714.4622973337 47785.8467230003 318572.311486669 1150911.08898453 207962.591733074 120686.747656489 517657.884405984
2006-02-01 761042.954393134 383414.48994137 135892.287426764 342868.095432161 651568.000680075 48560.946227851 36420.7096708883 242804.731139255 848315.539864949 156894.319001558 111466.915730072 441990.013856458
2006-03-01 395496.255812857 226207.056384049 77812.7371488489 137166.81898254 343350.305167409 24701.6786501209 18526.2589875907 123508.393250604 409871.348195284 78566.7222280878 76189.1237389009 267729.092677986
2006-04-01 475155.453910725 262527.825562624 91045.6794043342 146795.32986624 410944.109127657 29850.6487412045 22387.9865559034 149253.243706022 502305.975295803 95350.3100199911 84944.9109057532 308492.182682265
2006-05-01 749424.762665303 370147.156653771 131804.363267396 340507.114692387 640226.79620925 47979.8260397626 35984.8695298219 239899.130198813 844932.842312548 155397.075819302 105162.927979886 424941.740727522
2006-06-01 413840.751831595 236018.434375467 81242.8610550873 149649.683502528 359162.578391639 25859.9901795708 19394.9926346781 129299.950897854 429592.675975449 82280.153089498 79228.5568140539 279174.330043981
2006-07-01 90678.8634584227 72726.5246880626 23101.9248860006 17678.5773602354 81697.0465393011 5349.67104740893 4012.2532855567 26748.3552370446 18641.4284486053 16319.2390873411 36254.5906704625 92337.51291757
2006-08-01 30001.1806019918 31016.2563454255 9280.43142386488 3890.86546365894 27792.8882117979 1695.75164829719 1271.81373622289 8478.75824148594 5570.3303128813 5013.16970300553 20755.9475891763 41512.3378366163
2006-09-01 27637.5889436408 29335.9660707012 8723.32248323428 2177.46405968256 25677.4190567854 1555.22431918664 1166.41823938998 7776.1215959332 3668.25218743526 4582.7767106288 20241.0119915089 39479.0116153075
2006-10-01 23660.8816633864 35537.0183941354 10735.1286457786 7229.27538481053 33014.0818907702 2037.17423467594 1527.88067600695 10185.8711733797 4036.08234911802 6052.75871012406 22689.0370615377 47164.1635996404
2006-11-01 45343.4463364608 87546.1816774921 28109.0541784948 59908.8051776333 102408.904376974 6791.36281732829 5093.52211299622 33956.8140866415 90961.7261516156 20833.8847409973 41399.6979195791 110108.177541189
2006-12-01 134325.619049645 203648.049825113 69538.0397005577 145307.239818285 300614.113304697 21439.5026002127 16079.6269501595 107197.513001063 971626.450051589 67927.7903019563 71126.6484414973 242601.265613394
2007-01-01 101730.742041711 167746.570803442 56504.652064793 125328.485928811 235202.437980692 16506.7800980484 12380.0850735363 82533.9004902418 228677.133487866 51927.2061951896 62648.2328024619 202245.332587278
2007-02-01 178513.606498053 144352.685559064 47772.1359774555 87640.3070570469 189315.552898012 13011.6317468304 9758.72381012277 65058.1587341518 80934.0323146457 40554.2519400217 58815.606598722 176775.284583776
2007-03-01 367856.46908954 222483.486909369 76442.7656415491 165420.973870774 336214.985765959 24155.0709353669 18116.3032015252 120775.354676834 309931.505457644 76781.2469587856 75365.9785306533 263592.629965787
2007-04-01 254445.238434816 159628.480820363 53460.0517216387 114174.14545152 218981.279934092 15263.7078250576 11447.7808687932 76318.5391252882 190565.619584301 47871.3327552895 61338.0567057646 193441.468001782
2007-05-01 222166.050308315 268809.082540007 47270.119760264 124065.73040308 190466.678713433 13183.6082824045 9887.70621180336 65918.0414120224 191516.60603221 41219.3798863526 56171.4550830897 172959.624969964
2007-06-01 46631.9831208422 86446.138699008 18794.472704573 40075.1250534835 63629.4647627952 4090.07264524287 3067.55448393215 20450.3632262143 37528.2260803043 12374.6170809933 32366.0277726266 77370.7854696877
2007-07-01 11420.0452858306 25641.8293943771 7364.2197025482 7679.13204085223 21143.895411062 1267.15687547523 950.367656606424 6335.78437737616 6547.38740091574 3716.43025898648 18018.4815149927 33894.6327139153
2007-08-01 7560.74871031494 14008.6941135794 2552.44667273631 3788.26657719329 6041.44334594492 333.524399308327 250.143299481246 1667.62199654164 3453.63636287455 943.183617725312 9425.48795014945 13389.0280542395
2007-09-01 6206.18033490048 12575.4665918746 2320.55942808665 4681.13996351232 5365.89071198159 293.30532777753 219.978995833147 1466.52663888765 3261.33771464231 825.802411093459 9006.16124729339 12366.5067997877
2007-10-01 38600.8579771925 66452.509541599 14957.0810216398 38143.1090991149 48864.4047682627 3093.73535573904 2320.30151680428 15468.6767786952 81444.5745208414 9297.41905552482 27790.9022672693 63077.7574437389
2007-11-01 34415.3495575296 69238.4639202432 16012.1545780972 47284.4068091366 52649.6670888964 3342.53999926036 2506.90499944527 16712.6999963018 46223.9073760587 10057.3654649744 29345.2576822841 67233.1307501063
2007-12-01 70319.6983391504 96442.9532777125 29163.9029241526 58954.8986075706 107609.071866315 7174.82607518436 5381.11955638827 35874.1303759218 106563.93130394 22063.0100954104 41807.0707402471 113262.769929065
2008-01-01 125091.719267737 100546.908736339 37153.3365853235 75055.0315606421 143273.850070952 9733.69297419448 7300.26973064586 48668.4648709724 148576.146395825 30181.9715152904 48479.1445029903 140043.465104358
2008-02-01 169658.280667246 89342.6749013495 45543.8265884028 82509.0992006797 180068.494932017 12363.9320332319 9272.9490249239 61819.6601661594 191664.864772125 38518.7244382397 56348.9665328718 168793.523651535
2008-03-01 242685.827601445 170945.529295847 59458.5568663103 101888.586482428 249807.570708188 17601.148371883 13200.8612789122 88005.7418594149 283315.453945587 55467.007272215 64631.2262642243 211484.066034318
2008-04-01 300278.002537498 296608.119290842 54807.96498244 81960.725841984 225523.806221859 15750.1046943921 11812.5785207941 78750.5234719604 265566.615731404 49439.134985927 62279.2590409688 197710.312161173
2008-05-01 501809.493827006 271749.573953997 94690.1323199864 219205.972621273 433042.52153564 31631.9444521863 23723.9583391397 158159.722260932 704005.936150176 101290.860544332 85907.2050622921 318001.12631602
2008-06-01 195564.000566246 420731.725988851 49488.421911931 118985.770152691 199880.55588292 13849.2322470825 10386.9241853119 69246.1612354125 184844.679367569 43319.9649277305 58509.6529052037 180784.470915797
2008-07-01 32129.2359078206 52956.8098603479 14640.5807787881 15160.958530809 47644.3129713165 3011.49294051488 2258.61970538616 15057.4647025744 25816.2475013687 9043.60587592098 27429.7780319524 61906.1754381994
2008-08-01 11522.6441722963 16021.2107327133 5172.63725578988 1499.52218680568 13925.4009788172 812.016807869441 609.012605902081 4060.08403934721 6622.36351025602 2352.79515706178 14517.7163041559 24868.4466693127
2008-09-01 8603.8373893824 8669.07975821184 4266.58269124436 530.0942467392 11023.9408500438 631.698841608045 473.774131206033 3158.49420804022 4587.35405832 1816.19713382032 13070.2985178757 21090.8908143584
2008-10-01 20267.2261879841 32444.9247892534 7244.62598465214 8492.03091054163 20738.5395734416 1241.28795269715 930.965964522862 6206.43976348575 9641.13843895692 3638.51003975966 17838.9644385963 33411.6314950726
2008-11-01 103572.260516736 122492.547477274 18640.6322899963 45743.0558455411 63014.1608865663 4047.94225790357 3035.95669342768 20239.7112895178 73459.645183508 12243.688941229 32203.7533376024 76815.3478414432
2008-12-01 37488.0546701419 59744.1208111525 17464.2115808176 39839.9368368161 58689.6839780512 3760.69010065403 2820.51757549052 18803.4505032702 52713.5207456164 11362.1773539386 30553.4939562608 72255.8196560422
2009-01-01 46011.6544688268 111517.097366128 26467.200931585 68109.876169121 95946.8935776772 6349.33402115294 4762.00051586471 31746.6701057647 93275.8741839733 19459.5274765667 39398.5932126564 104027.850483939
2009-02-01 84582.0710181669 127222.619217408 31397.1953224866 53300.6852490514 115259.836928723 7668.28661869273 5751.21496401955 38341.4330934637 113533.597371779 23557.7358938106 45500.6887575499 122358.128730729
2009-03-01 250656.971857623 273465.493541141 51697.5679112831 83420.7869186106 211733.519446741 14757.6757955133 11068.256846635 73788.3789775667 233823.778610612 46283.1036436109 59332.766574318 187080.991143909
2009-04-01 302643.038407565 378895.056976973 45129.0261687209 86446.138699008 179235.282685859 12330.3490709473 9247.76180321044 61651.7453547363 191679.206994114 38446.8162287397 55301.4624676085 166746.081345337
2009-05-01 378826.657719329 202444.296097219 69098.245657725 196910.939793693 298367.639576001 21268.8271013766 15951.6203260324 106344.135506883 348209.319825198 67372.3278370568 70851.2117186485 241255.752794749
2009-06-01 140515.751866406 186103.857085978 32349.0267497195 59150.362639991 120913.218205082 8106.26937250357 6079.70202937768 40531.3468625179 170487.280577041 24988.08007227 45113.9169088963 124538.860631909
2009-07-01 23526.7138887775 26068.0093843113 7086.51682194083 3417.33214150978 20204.5100149562 1207.25801500778 905.443511255837 6036.29007503891 14602.189210673 3536.07554255636 17599.8562865687 32771.5635860656
2009-08-01 9652.18754980707 11767.3030554067 3072.97694764329 678.731095080465 7523.75429610612 421.373663317913 316.030247488435 2106.86831658957 7385.54138111975 1199.24592378365 10558.3465641124 15754.5046711814
2009-09-01 6932.001688128 10267.5177945331 2311.39977084726 1786.00984670592 5340.85915690326 291.847619627465 218.885714720599 1459.23809813733 5588.8244198519 821.586462189028 8984.40482123173 12323.7074161742
2009-10-01 45885.3789162537 37053.9824581719 7323.98204924036 10914.9430755382 11330.027020784 651.804110318521 488.853082738891 3259.02055159261 12864.3219183856 1877.2853353511 13048.587442609 21341.8433804108
2009-11-01 38329.891687296 39553.186102848 11172.7556620416 25729.9592071104 26041.9200402035 1578.75923207673 1184.06942405755 7893.79616038364 26790.1477005888 4654.03503373023 20389.1311821027 39893.7772267362
2009-12-01 52798.9654196315 43328.2989766483 14277.0296627972 32358.1103468594 36823.9770773989 2288.59243896259 1716.44432922194 11442.962194813 72663.6882837888 6821.39956556629 24007.7046244171 51142.2957511843
2010-01-01 214431.672713212 126906.930335975 45435.522260212 97547.8643627272 178492.151946246 12302.2937528221 9226.72031461654 61511.4687641103 191766.786465458 38391.305836381 54316.1400126515 164829.87114807
2010-02-01 260037.441477339 96290.7461384503 24640.6446561189 63698.6877812434 162968.494701416 11091.3239444383 8318.49295832871 55456.6197221914 130359.495611573 34418.717333022 54428.666663087 158185.2528656
2010-03-01 381825.70209294 155634.618546358 35854.3647087273 71108.9205427324 187434.134824092 12960.0629033841 9720.04717753808 64800.3145169205 172634.464811513 40501.5362739813 55707.0523860303 170913.585838551
2010-04-01 455636.393312602 261214.13420087 58228.8141802752 109688.732594496 282506.109209599 20023.1019350519 15017.3264512889 100115.509675259 263040.920528095 63265.2078080048 69976.1687931972 233651.976973568
2010-05-01 401938.39988842 229040.641413888 87209.0534958039 157528.751834954 348801.126130328 25119.7465721724 18839.8099291293 125598.732860862 332096.811045243 79933.056207977 76812.3920961632 270874.057951465
2010-06-01 550142.857931396 293905.114900251 118904.217191654 241718.167767801 474045.634905898 34758.2021323098 26068.6515992323 173791.010661549 592920.620181351 111488.581362194 91459.1275622874 342958.692872274
2010-07-01 217036.105985032 95282.1179923468 44654.1922786659 33589.2969844472 114985.597055402 7700.04438079601 5775.033285597 38500.22190398 70067.1472340043 23723.8017337923 43265.7382369244 118969.850767944
2010-08-01 32247.6192383579 32279.1881265012 4577.48878077523 2044.08550727721 22442.0555644158 1350.21871129628 1012.66403347221 6751.09355648138 11246.4164010426 3966.91175478929 18582.4831232523 35425.657000009
2010-09-01 19752.127163113 17207.6747787648 4191.82219729152 4346.77282326144 20611.8922918414 1230.56484469338 922.923633520038 6152.82422346692 8465.19735561984 3602.99679785995 18066.2467612557 33543.3981794029
2010-10-01 64005.920710495 45261.893375424 13400.9930168213 31055.8937109492 57517.9115605664 3680.73721824146 2760.55291368109 18403.6860912073 51493.5486438899 11114.0930547308 30236.41820823 71183.3983878778
2010-11-01 145979.800255872 114174.14545152 46297.6159805914 91339.316361216 133476.849355486 9006.72940618421 6755.04705463815 45033.647030921 136125.926043363 27843.7628457939 47480.7734710702 134009.924269406
2010-12-01 357201.969341184 215298.432022354 71266.7649834488 157297.452170325 322536.250111568 23109.3365258986 17332.0023944239 115546.682629493 381166.607487905 73368.485788728 73764.0347592066 255598.666645923
2011-01-01 315767.803653132 199988.906387662 60217.6541333017 157145.01075935 322258.743031233 23088.150871574 17316.1131536805 115440.75435787 380785.866730048 73299.3892012159 73731.1993531067 255435.592705318
2011-02-01 199571.746080055 146882.708038779 33902.7309452983 104242.159839538 190996.664078341 13134.7830584801 9851.08729386009 65673.9152924006 204078.410002525 40948.6163232505 59085.1861398591 177937.848469596
2011-03-01 502497.777020618 201883.039676259 51694.0543346168 163921.451683968 360413.13770594 26011.7873002689 19508.8404752017 130058.936501344 433613.561829249 82850.4968051593 78124.669693081 277531.873248657
2011-04-01 703312.735981363 274002.658860733 76904.4422577024 192383.435085811 433800.805310271 31622.9320562592 23717.1990421944 158114.660281296 534886.60444573 101170.602702683 87356.854895963 321124.824320612
2011-05-01 690964.039235985 239791.820238049 101493.975380637 224375.872478344 369644.214801186 26722.2717627031 20041.7038220273 133611.358813515 446534.443125801 85176.1131410221 79153.3784478385 282785.046003261
2011-06-01 539449.046027782 289493.586067336 150302.107190822 236563.696983842 465060.818846109 34056.6725122741 25542.5043842056 170283.362561371 579892.918406888 109177.59858623 90558.3261076361 338127.166862105
2011-07-01 290591.615358869 153779.306136172 88471.809021535 140955.085559734 210703.342670304 14681.1792428853 11010.884432164 73405.8962144266 232503.427348443 46036.6622453339 59183.2671020877 186405.674331417
2011-08-01 49720.9988256619 63453.4651679876 14387.5207712987 10244.1042024935 45651.4830286796 2877.46094177931 2158.09570633449 14387.3047088966 39377.1261152626 8630.36953139346 26830.1966869663 59975.7223899047
2011-09-01 21807.2617812403 23560.6504435315 4974.7306232448 1614.74862852864 32005.8443380303 1966.7176205303 1475.03821539773 9833.5881026515 25935.0916469486 5832.5848319364 22684.1721080297 46484.3440424585
