Month	East_Fork_Avg_Flow_m3day	South_Fork_Avg_Flow_m3day	Sugar_Avg_Flow_m3day	French_Avg_Flow_m3day	Etna_Avg_Flow_m3day	Johnson_Avg_Flow_m3day	Crystal_Avg_Flow_m3day	Patterson_Avg_Flow_m3day	Kidder_Avg_Flow_m3day	Moffett_Avg_Flow_m3day	Mill_Avg_Flow_m3day	Shackleford_Avg_Flow_m3day
1990-10-01	14047.3528933113	17285.7995428699	4964.1823333354	4321.09398656781	10187.5057930403	582.007171115711	436.505378336784	2910.03585557856	9376.32538199815	1671.08516533544	14157.0738164918	19724.4224208123
1990-11-01	24072.4962287318	26374.7915882286	7784.43544525253	7781.57275104296	17082.5877860143	1007.38228749557	755.536715621676	5036.91143747784	17175.779668425	2933.46474256647	18879.4101109198	29183.0879083349
1990-12-01	28206.3433974767	29576.5553015186	8820.18287780322	9290.52480729173	19852.2448144455	1184.84279220668	888.632094155008	5924.21396103338	20639.1204200651	3468.64575148592	20120.2420475245	32346.9580235169
1991-01-01	48789.3979502104	45112.8548978239	13857.9609513795	16957.4324611461	33539.8677260536	2071.76295107135	1553.82221330351	10358.8147553568	38374.0969470247	6158.35722371267	26523.5393433038	47719.958794508
1991-02-01	90769.5695301461	74503.0312897024	23537.6110701039	33195.824296288	61022.4014380728	3894.10180538047	2920.57635403535	19470.5090269023	76447.758479394	11743.777639368	38150.1610005821	76357.6562101909
1991-03-01	141562.03436957	102501.663194481	33353.9150092673	54620.5137964628	92961.2366233821	6139.02359362798	4604.26769522099	30695.1179681399	128126.302432178	18797.6700663346	45384.0747546475	101617.903913842
1991-04-01	112413.051872721	86467.6420371426	27738.6154523148	42267.6551378216	74659.7992885721	4849.64722933112	3637.23542199834	24248.2361466556	98272.7016795321	14741.1261817548	41065.1855067058	87107.3563072794
1991-05-01	172767.466465865	119505.328822686	39308.0593587965	67976.1309933085	112486.172652835	7521.82730729464	5641.37048047098	37609.1365364732	160530.349923436	23159.9042437575	50179.6771224625	117047.000323872
1991-06-01	98437.2951554386	78060.4824863743	24862.4836280502	36533.8993164123	65751.7806333954	4235.59291808526	3176.69468856395	21177.9645904263	84562.1404523412	12827.1298218109	38406.1533146876	79276.0708912701
1991-07-01	18162.19361108	21069.4149172833	6135.41911276704	5729.42169261189	13027.0739944237	756.320722538966	567.240541904225	3781.60361269483	12540.4518084937	2187.17025011554	16115.1158447053	23668.7672810364
1991-08-01	6275.5724262818	9291.25321390262	2554.51819556786	1783.73362484842	4711.56480057377	255.902774655271	191.927080991453	1279.51387327635	3766.73678992885	718.459815432969	9430.16526199504	11135.0081978387
1991-09-01	5648.77865132809	8632.44936502123	2355.74049771351	1583.98955195978	4266.20991725205	229.716536311723	172.287402233792	1148.58268155861	3329.39872112502	642.467214808454	9089.41659556187	10432.7517169712
1991-10-01	8369.40844598757	11598.8126801701	3238.99311886241	2447.00918396493	6206.30376998652	343.230826174363	257.423119630772	1716.15413087182	5217.81384706978	971.39322218072	10903.6057736924	13658.9818605217
1991-11-01	19230.0477376748	22183.9006924615	6468.46669796239	6080.78606613995	13778.585457358	801.174054740951	600.880541055713	4005.87027370475	13320.444144336	2318.45031234233	16857.9399221229	24883.8495190788
1991-12-01	56280.7442253832	50361.1025320304	15590.0979871142	19837.1309401052	38452.9656135549	2396.62323667356	1797.46742750517	11983.1161833678	45107.5647862169	7152.39824809505	28504.384350766	52810.326914931
1992-01-01	49937.8106259651	45928.7954647852	14126.3664199333	17396.2303219968	34295.028759375	2121.50315000524	1591.12736250393	10607.5157500262	39397.9872638489	6310.29704996604	26836.5283409059	48514.2985683474
1992-02-01	144727.670272746	105871.571930136	34367.5368184259	55598.3387711126	95222.2858580875	6270.78184624109	4703.08638468082	31353.9092312055	130224.093159999	19177.2989403404	47435.7364294235	105243.937208196
1992-03-01	144253.409764063	103999.85137746	33875.906895284	55761.867008988	94651.9762210321	6258.06624142422	4693.54968106816	31290.3312071211	130886.757764009	19172.2285198218	45817.1223874864	102985.04270821
1992-04-01	284399.657422115	176780.757152102	59630.0270273148	117127.300435922	181499.616612952	12496.4004636013	9372.300347701	62482.0023180067	280983.000859912	38978.8082180728	65575.1057481423	168305.449332865
1992-05-01	139098.432443334	101124.527340706	32874.5715670122	53577.617509374	91412.3749571633	6030.09479358076	4522.57109518557	30150.4739679038	125605.521060746	18455.1076624264	44984.0839428019	100359.835952123
1992-06-01	32979.6421013728	33614.7470124078	10091.6345239508	10995.1787723788	23088.8780865977	1388.73624760221	1041.55218570166	6943.68123801105	24528.0581278631	4079.55608512978	22127.4051654882	36487.9460709477
1992-07-01	21107.2747813343	23655.6879239477	6944.74932623028	6757.34035237789	15042.0171526916	881.574427725539	661.180820794154	4407.8721386277	14865.5016987937	2560.07444463694	17383.6935608195	26332.1330292807
1992-08-01	3971.30392988904	6530.83313010373	1751.6898879421	1079.24266784856	3040.77855476789	160.483195521784	120.362396641338	802.415977608922	2244.14778375294	444.861122605146	7487.15275993525	8047.87493636336
1992-09-01	11890.7560191973	15317.5242072014	4351.73495766892	3586.84309058238	8697.72165964538	490.718291005111	368.038718253834	2453.59145502556	7730.8886401779	1401.1697172702	13229.2110275652	17691.9789857448
1992-10-01	27329.8276934926	28865.8721924173	8593.56371573941	8973.99187893279	19261.4465066895	1147.30802579259	860.48101934444	5736.54012896293	19914.7183430573	3355.8114361015	19802.5048587723	31630.4287571285
1992-11-01	33860.5933447941	34304.4562274473	10313.3868084943	11318.1074604382	23678.787529611	1426.57475819279	1069.93106864459	7132.87379096396	25270.9083327819	4193.78744329533	22423.4967943753	37176.903614152
1992-12-01	65812.4908273635	56812.8707520439	17736.7791495541	23555.4719851713	44664.0707245897	2811.19137189991	2108.39352892494	14055.9568594996	53846.1017626697	8426.2452866879	30844.2340343153	59011.1717544994
1993-01-01	186858.353289696	126946.816197749	41933.1488477027	74087.801223276	121251.298146973	8147.91505549833	6110.93629162375	40739.5752774916	175426.806583409	25142.4676529386	52203.2450595409	123743.422603296
1993-02-01	232309.457348155	153680.447085451	51083.0784445408	93162.1549151926	149995.070938215	10153.0240654375	7614.76804907809	50765.1203271873	221455.836610152	31431.0322421447	61275.9405891601	148748.983131977
1993-03-01	631067.250290955	324233.46285882	114386.8956031	281936.831680274	388628.759538368	28187.0764801668	21140.3073601251	140935.382400834	695552.241468765	89976.1158428814	96431.7332966033	293483.537458211
1993-04-01	424516.398020058	240695.590779171	82967.0348389352	181838.663460807	266296.272191903	18801.243692403	14100.9327693022	94006.2184620149	442156.567115258	59302.5810544948	80252.6253534126	223636.042141482
1993-05-01	633046.775321212	325016.77766389	114682.663707741	282908.097876655	389795.339974584	28277.2426425142	21207.9319818856	141386.213212571	698022.138705043	90271.806643057	96584.1403304633	294136.483468996
1993-06-01	459630.104445422	255893.786236026	88585.6887924434	198419.975680799	287339.856389327	20388.360771941	15291.2705789557	101941.803859705	483770.536740808	64451.0854677392	83533.8643566403	236609.668171522
1993-07-01	84920.0573041603	69141.3743352155	21885.2943188532	31163.879458408	57003.6839514351	3645.68378226353	2734.26283669765	18228.4189113176	71853.5124266964	11005.3726034221	35074.7270324408	70710.9910179683
1993-08-01	24633.9775584972	26646.1941514187	7888.32569015829	8006.81211488754	17439.128788976	1032.01687237582	774.012654281863	5160.08436187909	17706.258891645	3009.87607462124	18792.2047376038	29383.3310203463
1993-09-01	20908.7069949977	23661.4649288842	6930.59573857374	6666.09455229067	14927.582243026	872.552625216049	654.414468912037	4362.76312608025	14643.8896085374	2530.89706634772	17584.5802417754	26406.3758272339
1993-10-01	26297.7667421326	28022.3232150161	8325.08554465751	8602.56429976629	18564.7591048912	1103.1429276374	827.357195728048	5515.71463818699	19065.6895370453	3223.17476542536	19421.8340071699	30778.1266779198
1993-11-01	32044.6527147688	32878.0865534931	9855.13930095047	10653.366265994	22462.0415029768	1348.59854506907	1011.4489088018	6742.99272534533	23742.4987614578	3958.47655960163	21808.8290916845	35750.8532604127
1993-12-01	61566.9173562407	53967.6546631395	16787.8649579764	21892.248883412	41902.6950597357	2626.37927855723	1969.78445891792	13131.8963927861	49931.6557964169	7857.68879046234	29824.3334845135	56283.8687101633
1994-01-01	91199.3078711993	73047.9091978877	23211.1964854005	33703.2244061478	61031.3240416165	3920.77766890519	2940.58325167889	19603.888344526	77895.6044700473	11859.3401089369	36359.3642347447	74382.5104243666
1994-02-01	89885.2300963913	73943.1586098372	23348.3668289249	32840.8569719165	60453.3089350056	3855.41713958175	2891.56285468631	19277.0856979088	75605.3207397974	11623.944109287	37962.2878403956	75829.024005389
1994-03-01	129483.677219606	95695.0966337544	30989.2536757251	49525.0771503443	85356.1050189645	5605.3467627746	4204.01007208095	28026.733813873	115824.712690378	17120.9897787672	43388.3757279813	95386.4452237814
1994-04-01	120243.311993446	91072.0380803728	29322.2734386021	45511.4471771361	79629.5503408458	5194.35926845195	3895.76945133896	25971.7963422598	106055.16071102	15818.5507137574	42483.4589472706	91370.5284565413
1994-05-01	166888.206263256	116359.651109799	38201.782962635	65440.3099639088	108820.068843707	7260.89299293812	5445.66974470359	36304.4649646906	154361.459335475	22334.9409873079	49311.2435978578	114206.470391914
1994-06-01	46664.6791163083	43920.8349891198	13435.5006422085	16096.4311318398	32186.010003143	1978.51636613218	1483.88727459914	9892.58183066091	36330.8098778424	5868.53396848175	26359.7175242274	46678.2165216357
1994-07-01	6246.68591147667	9258.28501456575	2544.81900344381	1774.71982349818	4690.80736834902	254.701639775343	191.026229831507	1273.50819887672	3747.11903920653	714.995723004973	9408.25263426915	11098.6142756786
1994-08-01	3014.19528403002	5280.76840649648	1395.43456638049	797.280275380731	2335.44541418075	121.144091203524	90.8580684026429	605.72045601762	1642.49382374261	333.244371565076	6515.20491167473	6617.58949021135
1994-09-01	2506.78692041735	4616.23194932999	1205.5934458355	649.095453564685	1960.50513094268	100.319584553547	75.2396884151601	501.597922767734	1327.4577184357	274.296993805914	6034.22559974293	5861.78871525674
1994-10-01	4768.43184545508	7519.27055283136	2036.85590784618	1319.32974474675	3622.54067593307	193.393200413468	145.044900310101	966.966002067342	2760.35750055112	538.825150708797	8210.59683423425	9163.31394875936
1994-11-01	5311.15609048832	8232.13218444043	2239.02201104515	1480.34054873649	4021.86005705764	215.72381069052	161.79285801789	1078.6190534526	3105.07659818903	602.298265758772	8811.29592717336	9986.34169344935
1994-12-01	22934.6105313634	25218.4104080393	7436.84365519206	7402.38588874234	16286.0464449047	959.467894354813	719.60092076611	4797.33947177407	16330.210860406	2792.72380457681	18126.9416986593	27930.1450196066
1995-01-01	566889.696016305	298519.098739038	104706.065660701	250614.624428095	350719.142246968	25266.9570992933	18950.2178244699	126334.785496466	616046.199416909	80414.3195512141	91355.3453760594	271977.668363094
1995-02-01	665778.124542384	345876.101673081	121704.351376986	296040.356552126	410855.509953596	29709.1415560598	22281.8561670448	148545.707780299	729158.951688038	94707.4284646065	104198.12986189	313994.260374778
1995-03-01	736869.295893386	365360.099582015	129980.947111328	334248.090877887	450772.021762697	33013.7215648158	24760.2911736119	165068.607824079	828929.19539686	105839.020718103	104270.815831848	327604.212394385
1995-04-01	516358.909945635	279898.900210232	97507.5426364749	225468.527405174	321193.704882683	22957.4618491755	17218.0963868816	114787.309245877	551880.180693448	72807.9793276719	88582.6078593079	256978.802020065
1995-05-01	592376.514368435	308807.129345949	108572.504706551	263014.05309922	365795.16686711	26425.8806408487	19819.4104806365	132129.403204243	647485.509768428	84205.7334292016	93403.8057492473	280598.821507866
1995-06-01	455752.955711063	254229.090871458	87969.0951984757	196582.829978531	285019.779137978	20212.995020904	15159.746265678	101064.97510452	479154.434782258	63881.6563878227	83177.8114659564	235191.669537744
1995-07-01	183795.167750087	125340.415858616	41365.5316346603	72755.2287421862	119348.360100641	8011.72940905379	6008.79705679034	40058.6470452689	172175.491071952	24710.8579734132	51769.9627461965	122300.548051474
1995-08-01	38302.7271139072	37439.3563940746	11351.2633205895	13000.3917408201	26606.1472832223	1618.70758267441	1214.03068700581	8093.53791337207	29180.2884748308	4779.33232824715	23476.7528794173	40190.6891792668
1995-09-01	21461.1542664522	24141.6954150922	7081.23761986094	6859.74898868168	15304.8349558828	896.068567762586	672.05142582194	4480.34283881293	15082.5658210089	2600.99443084624	17817.3443372155	26899.5808805065
1995-10-01	28066.7681290651	29463.7302144888	8784.17999836969	9240.05510597385	19758.2202787548	1178.86424158434	884.148181188257	5894.32120792171	20523.566391879	3450.66684644453	20069.9770631297	32233.2964925711
1995-11-01	36234.6247968091	36143.0271680248	10906.03069685	12192.4073067547	25265.2714225147	1528.63936347885	1146.47952260914	7643.19681739425	27285.3270085881	4502.3189845223	23202.923596056	39008.1902392324
1995-12-01	367923.275838604	213956.36811571	73311.5780916327	155901.847544874	231892.234656345	16259.3542328265	12194.5156746199	81296.7711641327	377681.341555957	51127.7651260701	73462.7803511773	200131.027698032
1996-01-01	436264.601852963	243968.379362684	84368.853943928	187975.501275179	272960.081803839	19344.5015109237	14508.3761331928	96722.5075546187	458006.170942046	61118.2767860671	80052.9644351283	225849.277937971
1996-02-01	871023.393117126	422022.012323869	150957.781792369	399017.593592974	530541.527907202	39101.7814381957	29326.3360786468	195508.907190979	992918.829939283	125708.270913114	117259.885884229	376101.325304971
1996-03-01	484432.681233854	264470.151535197	91978.1887201041	210885.039522874	301736.592651723	21524.8141625071	16143.6106218803	107624.070812536	515644.070555278	68205.4816262651	84394.0795277632	243272.593707063
1996-04-01	500888.21554366	273415.272600727	95092.309259414	218061.669658508	311977.9428808	22256.2537001474	16692.1902751106	111281.268500737	533203.011788734	70524.3942444522	87234.2480795246	251491.344320673
1996-05-01	514378.434761826	276978.836230422	96641.4478416363	225242.340835483	319564.001820435	22882.4892365213	17161.866927391	114412.446182607	551865.118730784	72628.7180933772	86985.5430872467	253850.163821801
1996-06-01	211700.500502502	140817.509218576	46746.9946344794	84698.6064136056	136828.993111445	9247.94726111062	6935.96044583296	46239.7363055531	201174.850640955	28610.1103109007	56505.6476557706	136497.281667419
1996-07-01	58118.8930305279	51623.6737366871	16008.7452595294	20549.6924968804	39654.0481002363	2476.46938110302	1857.35203582726	12382.3469055151	46778.5377766317	7397.30418859775	28970.0730995114	54028.5012826453
1996-08-01	14571.9083535988	17781.0198666358	5116.53465717218	4498.59908069693	10551.2903548729	604.177811144482	453.133358358361	3020.88905572241	9773.57167500493	1736.51406190418	14421.218891053	20244.2782716038
1996-09-01	12822.3737017828	16234.0919038211	4630.98471469728	3896.58694511118	9348.81738686201	529.954126022378	397.465594516783	2649.77063011189	8419.88937705298	1516.38269998456	13742.0748877733	18664.7318297693
1996-10-01	25018.7663857421	26966.3033067301	7989.78452999456	8144.25204243906	17699.7389427648	1048.45817108769	786.343628315768	5242.29085543845	18019.6117500153	3059.14691463415	18939.6499952446	29708.2799499869
1996-11-01	392682.177399942	226665.583596284	77802.2854582786	166921.618834569	247153.420296451	17364.5931875832	13023.4448906874	86822.965937916	404818.684892557	54652.3846819398	77159.4429015304	211602.085546252
1996-12-01	897657.639908559	425368.219557424	152953.373788304	415142.057611034	544494.455978753	40374.5728133872	30280.9296100404	201872.864066936	1036421.99263278	130150.493459074	115182.45447278	376856.042596977
1997-01-01	1150943.77294943	515146.727201744	187742.308105298	545415.279792184	690713.677893504	52021.5708748587	39016.178156144	260107.854374294	1373118.97575049	168859.931095772	130561.657958547	449542.46204994
1997-02-01	389728.281188189	228947.993424949	78261.1058065658	164426.898044078	246102.444001816	17207.9337087753	12905.9502815815	86039.6685438766	397740.248143761	54044.0290492703	79540.8312175196	214730.987330959
1997-03-01	280214.889089091	173462.704751584	58567.6860153289	115607.379435277	178690.943117433	12316.8936912131	9237.67026840985	61584.4684560657	277504.898813472	38438.1119866751	64037.2877470384	164965.963433898
1997-04-01	311383.66976	189568.185209918	64257.5674556732	129385.624924651	197947.818483946	13706.5857672743	10279.9393254558	68532.9288363717	311340.630285445	42861.6539508538	68641.8977224044	179486.723123263
1997-05-01	226059.025819228	147009.680528545	49063.0132173311	91320.4939923928	145492.75332266	9894.40171838944	7420.80128879208	49472.0085919472	217624.271010589	30694.0127034684	57464.9223655108	141648.378675017
1997-06-01	97079.0977805906	77229.3411732407	24579.2889574412	35980.7550452707	64883.292817299	4176.00575191106	3132.00431393329	20880.0287595553	83242.8009208706	12641.784218279	38138.0303040396	78498.3468404697
1997-07-01	31451.0815803995	32164.859053976	9648.70120364668	10470.4940531054	22032.6238191709	1323.98662126382	992.989965947861	6619.93310631907	23346.0378834075	3887.75946935229	21255.8308752567	34945.3157418003
1997-08-01	12884.5431430296	16172.5182960257	4622.81657988962	3929.95619479485	9378.96742764079	532.919543478269	399.689657608702	2664.59771739135	8502.77946336246	1526.46602827149	13553.5064948778	18551.4005737487
1997-09-01	16660.2096274248	19862.7060865926	5746.89017610542	5194.56743998115	12011.0789826936	692.143907367787	519.10793052584	3460.71953683893	11324.1852393094	1994.95367906878	15681.601852429	22475.5513917401
1997-10-01	34442.7784066061	34497.3668896592	10399.3727793297	11569.1192122943	24034.3808045185	1452.53187623747	1089.3989071781	7262.65938118736	25874.8237279617	4276.02412375377	22252.3913255115	37272.722741893
1997-11-01	70573.284235238	60406.6923683491	18896.581856305	25351.4081357746	47818.8118198617	3016.75651567836	2262.56738675877	15083.7825783918	58023.9539930814	9051.73753919313	32473.450068111	62602.6969423879
1997-12-01	90878.2224509448	72849.6826297974	23143.7949208984	33572.9497935861	60825.6694705759	3906.70161578084	2930.02621183563	19533.5080789042	77585.2805933317	11815.6034130297	36294.7598774159	74196.5896398097
1998-01-01	506164.636695394	273564.882505719	95367.2242953559	221295.916403242	314678.686731888	22509.9342031411	16882.4506523558	112549.671015706	541901.688810981	71414.2207355175	86282.3497583025	250967.079895118
1998-02-01	555872.273127401	300989.709267862	104881.785100135	242835.022824051	345701.950436785	24716.5528193448	18537.4146145086	123582.764096724	594483.330012982	78397.1658869207	95137.2241776814	276262.764622113
1998-03-01	819943.913117628	396703.043540012	141949.18875114	375848.618854758	499294.642511978	36813.2837808289	27609.9628356217	184066.418904144	935462.409565301	118371.606151566	110041.450464933	353402.682942094
1998-04-01	474141.971013174	262096.294794228	90885.5281025774	205309.674047821	296016.320492925	21044.9986070046	15783.7489552535	105224.993035023	501093.530313143	66584.429205523	84853.5027714245	241886.631834853
1998-05-01	569798.165804691	299698.420116093	105148.808754909	252026.888328628	352441.016007765	25399.1583798637	19049.3687848978	126995.791899319	619624.690724865	80846.5796526169	91591.3854088062	272967.091474432
1998-06-01	591219.093348252	310671.686713177	109023.020798563	261607.113455938	365625.986599278	26356.1534440221	19767.1150830165	131780.76722011	643267.576780362	83902.3458125807	94841.0003056517	282890.74468632
1998-07-01	235890.77475291	151911.630225445	50815.8426085828	95690.9324434259	151543.011307818	10333.4144695709	7750.06085217815	51667.0723478543	228367.085927965	32093.9178357401	58711.8498092282	145992.733421162
1998-08-01	48607.8578577375	44983.4703424544	13815.4307460365	16888.159745959	33420.4230372558	2063.90216580254	1547.92662435191	10319.5108290127	38212.5299268569	6134.35418087879	26473.7293290187	47593.8957246089
1998-09-01	29120.3361957074	30541.2566094981	9107.42838555594	9590.72655254726	20496.3257199211	1223.21446045319	917.410845339892	6116.07230226594	21305.3789411265	3580.88968606764	20781.4842012098	33403.8516749048
1998-10-01	43243.3002487631	41107.6994738147	12545.5074926333	14852.9724399086	29881.8066496983	1831.88528980925	1373.91396735694	9159.42644904624	33475.2436638839	5427.05258548059	24957.7814910349	43803.9211263684
1998-11-01	228571.722627669	149387.206331418	49797.9218461761	92138.9031682312	147247.415176233	10000.0858794922	7500.06440961916	50000.4293974611	219413.682624194	31003.0945462592	58733.1572748189	144129.769921684
1998-12-01	306238.334447781	185746.837950634	63017.1876198301	127449.085648637	194542.029871611	13484.3916733412	10113.2937550059	67421.9583667058	306847.613750054	42185.7719134604	66970.0492014226	175696.031563981
1999-01-01	382163.85623925	220308.822058083	75643.4077542994	162540.35146472	240474.930131546	16901.3503469837	12676.0127602378	84506.7517349187	394268.206643775	53202.7506724289	74883.0381183587	205597.194328176
1999-02-01	538072.73553688	293536.401372096	102104.779518108	234310.105019912	335100.598216112	23909.7311781432	17932.2983836074	119548.655890716	572984.177323196	75769.3651753539	93588.7270378078	269956.028478643
1999-03-01	516116.603992911	277699.673086112	96910.6343124888	226078.26252255	320597.380024523	22961.3428874957	17221.0071656218	114806.714437479	553976.238865031	72885.8437418755	87133.6345554322	254458.550473579
1999-04-01	438026.277440888	246575.975066226	85138.0973127062	188202.93179117	274401.251062183	19411.5859205161	14558.6894403871	97057.9296025804	458115.683733486	61281.1397219562	81530.4386300951	228663.17210556
1999-05-01	550285.630851593	291759.63025708	102170.794914281	242565.904787982	340881.862158142	24512.4962683691	18384.3722012768	122562.481341845	595663.727336987	77948.6412031175	89996.1712255943	266300.632875995
1999-06-01	422143.181725507	239658.206864743	82584.4119590504	180722.714929666	264871.37397505	18694.067046118	14020.5502845885	93470.3352305901	439359.951919717	58955.3237450857	80026.0867812198	222748.183831937
1999-07-01	93718.7641028627	74597.8268202632	23738.6440400634	34726.9987753255	62643.9597636317	4031.26174023976	3023.44630517982	20156.3087011988	80335.5834289358	12202.780663296	36862.4300910099	75834.8450144967
1999-08-01	30141.6870407329	31128.113438263	9316.25401443511	9992.8135319045	21153.9678354382	1267.80009215058	950.850069112936	6339.00046075291	22249.0186173148	3718.36825992015	20804.9067677042	33906.6038489898
1999-09-01	25149.9093723797	27279.6966262395	8070.60142018879	8164.8407388767	17813.6038834378	1053.38033446299	790.035250847243	5266.90167231495	18048.378544995	3071.15104278004	19300.8611696954	30104.0034113808
1999-10-01	29990.2910551127	31007.5821688388	9277.65386956674	9937.71223756712	21052.27057998	1261.3067130448	945.980034783602	6306.53356522402	22122.5776682919	3698.80505345413	20752.148407335	33785.6682442066
1999-11-01	71228.9495501252	60838.6236810385	19041.2195151175	25610.1553058635	48243.8988689196	3045.34009582768	2284.00507187076	15226.7004791384	58634.4578476784	9139.85508432459	32625.2286852188	63014.8483061909
1999-12-01	91394.2050432094	73168.153545251	23252.0885704099	33782.3223683933	61156.1401096904	3929.32223723903	2946.99167792928	19646.6111861952	78084.0397230462	11885.8916309628	36398.5237558474	74495.2706476654
2000-01-01	316686.318942448	190610.49856234	64784.674988839	132231.671256282	200889.421172636	13953.6843609839	10465.2632707379	69768.4218049194	318722.672059932	43694.7415298932	68112.5692127152	179928.706827739
2000-02-01	377729.188707837	221704.623551284	75800.7633581998	159424.169648609	238486.211029371	16679.3879159214	12509.5409369411	83396.939579607	385688.584802423	52389.6239052813	76946.0774889596	207889.07595265
2000-03-01	396480.054558101	226640.462944484	77972.2989686006	169238.610713947	249089.355175278	17547.2320371283	13160.4240278462	87736.1601856415	411025.483357368	55292.4676677232	76284.6287809819	211033.072249976
2000-04-01	477769.067958461	263639.702601701	91458.4084132023	207034.944018218	298183.120631223	21209.1812147347	15906.885911051	106045.906073674	505434.253186318	67118.1266663917	85180.193142643	243198.18920949
2000-05-01	383481.029448636	220893.616053449	75858.3106639536	163155.616395365	241268.078797907	16960.7555118445	12720.5666338834	84803.7775592227	395806.565513265	53394.8632400066	75013.0679934473	206099.767315601
2000-06-01	226672.071343845	148429.726606238	49456.4229675425	91298.3768824832	146076.027970601	9915.34087161191	7436.50565370893	49576.7043580595	217350.91335308	30733.2192499716	58486.5140431096	143278.75629288
2000-07-01	51577.9146695302	47086.6603345769	14507.8221586546	18024.6120547543	35372.221866676	2192.57861315227	1644.43395986421	10962.8930657614	40865.6297271268	6527.57734832766	27277.4001143006	49639.6033730824
2000-08-01	9085.24485775656	12355.892574519	3465.75611123056	2677.76994287862	6713.41076319234	373.191869576162	279.893902182122	1865.95934788081	5725.6983164465	1058.60335769656	11364.2868126788	14478.0257629151
2000-09-01	11123.8340694857	14550.5688358211	4118.96454571399	3333.63065639837	8160.08826379128	458.464115457311	343.848086592983	2292.32057728655	7168.98803200132	1306.64528523348	12791.8601561956	16874.4777976038
2000-10-01	21341.2885404134	23857.4983803776	7008.17339376544	6839.65074427611	15201.5815042271	891.542480973619	668.656860730215	4457.7124048681	15052.1736592682	2589.81635221656	17480.6104911199	26538.9587873775
2000-11-01	34300.3260066146	34647.1842862776	10423.6960692452	11479.6094087167	23972.9969669353	1445.46941099711	1084.10205824783	7227.34705498556	25642.6654203828	4250.85996351972	22569.8637980593	37518.8499499108
2000-12-01	40447.5412246229	39044.4489361149	11872.8423188307	13801.9262707535	28030.2871248898	1711.18995423396	1283.39246567547	8555.94977116979	31036.374962092	5060.0620196057	24130.680159949	41774.9569016129
2001-01-01	41111.1599790141	39537.0802849442	12033.2291579956	14050.7823058959	28470.2595357186	1739.82444708827	1304.8683353162	8699.12223544136	31613.3257087936	5147.06694714037	24329.5081703732	42260.1556357085
2001-02-01	51856.1072963893	48399.8874642043	14834.9006494083	17951.2895165535	35710.6452634319	2200.21094297236	1650.15820722927	11001.0547148618	40567.2631180052	6532.74240478049	28767.0527163367	51324.3316631995
2001-03-01	143393.526488237	103521.889562736	33709.3199225856	55396.9804354072	94111.9405130263	6220.02780043878	4665.02085032909	31100.1390021939	130004.05952113	19052.5221896246	45679.2042623772	102549.059215476
2001-04-01	105439.279991984	82304.549703911	26311.8212595787	39397.239652789	70221.129244678	4543.03874785084	3407.27906088813	22715.1937392542	91401.2940963868	13784.5494001409	39760.2140105479	83237.3331571157
2001-05-01	148392.347725071	106291.399496588	34675.336800259	57521.1672532726	97249.4487179479	6441.22160993985	4830.91620745489	32206.1080496992	135145.156949462	19748.8914341843	46475.3430323964	105073.144358395
2001-06-01	21746.3278764506	24388.4777688378	7158.73206167427	6959.90583401903	15499.4090864256	908.212211056243	681.159158292182	4541.06105528121	15309.5963614787	2637.21249568415	17936.3349741569	27152.7283102238
2001-07-01	4026.84928711592	6601.09809045265	1771.86661021881	1095.82954595431	3081.46906743436	162.772474254542	122.079355690907	813.862371272712	2279.70589753026	451.381546228537	7539.77513257872	8127.58698438805
2001-08-01	2870.83919155389	5086.18643925294	1340.4796909744	755.74078399986	2229.03374977435	115.271436450116	86.4535773375868	576.357182250579	1554.36054266974	316.659923969667	6357.07153404609	6392.68301579198
2001-09-01	2350.88329376812	4393.41616092247	1143.42479706643	604.904891884022	1843.65657693835	93.9611992165679	70.4708994124259	469.805996082839	1234.40765562482	256.452824220119	5841.98099957132	5600.70068628061
2001-10-01	2204.03131778878	4149.06728743923	1077.98062307572	565.357205734945	1730.84666971457	88.0365864195121	66.0274398146341	440.18293209756	1152.47065567606	240.070433896855	5563.84310150693	5299.42649734529
2001-11-01	25993.0895960116	27981.6708490996	8293.05337410592	8465.914183692	18384.7536907423	1089.40551595565	817.054136966734	5447.02757977823	18734.7285768746	3179.10056340686	19624.479386479	30816.7327992165
2001-12-01	142687.649264461	103129.039405828	33572.4378429394	55097.605752939	93668.5218138855	6188.80545265392	4641.60408949044	30944.0272632696	129279.974610621	18954.2809183481	45565.6806913817	102190.593148635
2002-01-01	368523.076538084	214225.052876247	73410.1082747269	156180.954098111	232254.014481219	16286.3847741169	12214.7885805877	81431.9238705844	378378.28245965	51215.0856202313	73523.1444393695	200362.483007795
2002-02-01	231305.048855943	153168.261608663	50900.9009906508	92719.9483738417	149374.366976598	10108.2614878788	7581.19611590909	50541.3074393939	220372.456707815	31288.6846208367	61142.2081869419	148292.340627501
2002-03-01	205224.296545648	136455.801912466	45303.2601255256	82121.4207848973	132633.401034016	8965.34480158988	6724.00860119241	44826.7240079494	195064.880105068	27737.1599750425	54730.3532662761	132255.535780083
2002-04-01	351008.696817743	207896.072780903	70928.091995483	147574.202387222	221991.915005515	15487.4135442323	11615.5601581743	77437.0677211617	356545.48857659	48592.2362101937	72915.6678547908	195409.874054859
2002-05-01	250210.323752286	158968.233793504	53346.0786794759	102088.157385128	160335.720352296	10973.4620655858	8230.09654918934	54867.3103279289	244118.895164808	34137.7683895749	60482.7330994981	152227.321062825
2002-06-01	146657.164289507	106128.303289962	34538.818596999	56600.6908960566	96296.4815189932	6360.3034357303	4770.22757679772	31801.5171786515	132782.820466136	19476.6216421241	46957.6853251247	105196.818532025
2002-07-01	25468.0203065806	39989.6061027097	8636.40382248752	9033.61940187398	19372.9412393286	1154.38583465691	865.789375992684	5771.92917328456	20051.1198617318	3377.08062471224	19862.8171051213	31766.0814242336
2002-08-01	10717.5616908387	13132.5645460645	2845.05181869886	2058.88080098445	5339.04282272087	292.36953568964	219.27715176723	1461.8476784482	4366.97017495021	823.83305395587	10072.2863682787	12216.5898006122
2002-09-01	7152.1440768	7274.4726528	2375.9633351595	1602.12419605396	4308.74723682615	232.157901367757	174.118426025818	1160.78950683879	3368.69381481699	649.482612516834	9137.05494104362	10509.7801523487
2002-10-01	12966.829056	17378.5499581935	3090.92248514495	2299.17344065231	5878.21790649524	323.931323289457	242.948492467092	1619.65661644728	4893.20461838153	915.325457535014	10596.0108213022	13119.8684185296
2002-11-01	32188.7259648	59712.6555648	10367.9391079306	11397.9053261882	23824.222888797	1435.91296400939	1076.93472300704	7179.56482004695	30028.40331264	4221.99153513018	22495.9566812766	37346.0730126723
2002-12-01	396312.366024372	226566.60624775	77945.1065663499	169160.013558228	248988.530977066	17539.6639942479	13154.747995686	87698.3199712397	258861.472715148	55267.9693391293	76268.3582558506	210969.734156769
2003-01-01	667120.902799648	338413.873069695	119748.863698108	299672.787269299	409851.870411275	29830.1573798186	22372.6180348639	149150.786899093	608098.508162477	95368.4069834582	99171.4637623521	305284.888599553
2003-02-01	380883.673779522	260472.489325714	76793.7233687125	160333.943543813	240754.7122	16809.7880012281	12607.3410009211	84048.9400061406	255939.341809371	52759.8639154991	78625.4375970591	211261.542114931
2003-03-01	407235.818716144	231362.911809205	79712.283368143	174286.693724768	255552.559167254	18032.7872563094	13524.5904422321	90163.9362815471	342009.389647277	56864.8444521313	77321.2086080947	215079.593317283
2003-04-01	407858.568283438	389820.39552	80273.3018183093	174018.822016344	256287.431293054	18049.2144244027	13536.910818302	90246.0721220134	422570.98449607	56867.1294899716	78648.9815436698	217373.055141407
2003-05-01	500593.289005601	271241.991091237	94500.8656722161	218622.657901843	311363.083706467	22257.3012142698	16692.9759107023	111286.506071349	439915.657361342	70590.9705716475	85802.1551829673	249003.774505562
2003-06-01	360180.395016931	212068.962542984	72452.7505743197	151813.837950179	227540.100332451	15900.1916425195	11925.1437318896	79500.9582125976	278479.37221632	49923.1788703172	73870.2293857033	199019.411407991
2003-07-01	86340.2981574194	129036.917264516	18994.0631970511	25804.9157094863	48359.3783614374	3059.67664887745	2294.75748665809	15298.3832443873	45474.6616072258	9192.28583472855	32163.494167083	62593.7386320249
2003-08-01	53508.8867922581	62821.6429006452	10936.1076972091	12371.054097186	25480.0603438087	1545.80909326585	1159.35681994938	7729.04546632922	16008.4699069935	4558.35670379756	22947.869660691	38922.4234650475
2003-09-01	23071.1694336	34088.896512	7122.2114243869	6912.66008052952	15407.6701658532	902.485404215577	676.864053161683	4512.42702107789	5938.64460288	2620.1308017046	17880.3211850045	27033.4759206993
2003-10-01	28783.0491455833	30041.3835987759	8968.6125181158	9499.31721146026	20240.5303894233	1209.55150302275	907.163627267065	6047.75751511377	4425.13758472258	3542.97678433521	20326.6342409261	32814.872686308
2003-11-01	45616.361300251	43158.6624194755	13186.1385943315	15699.8001347203	31493.6902790988	1933.20136406644	1449.90102304983	9666.00682033222	24102.8070912	5730.49769402757	26059.4409631805	45931.6768200849
2003-12-01	141065.194579306	102224.379095193	33257.3634308102	54410.0463725334	92648.9683256883	6117.05265746023	4587.78949309517	30585.2632873011	323148.690877935	18728.5617814525	45303.6872848678	101364.701885962
2004-01-01	197149.07260586	132299.987020642	43828.2855034363	78580.0806170541	127634.500465399	8605.74740937025	6454.31055702769	43028.7370468512	300994.591156026	26594.8904513997	53633.6457281429	128541.359780563
2004-02-01	372065.357046443	219138.927340369	74862.3659818425	156801.175030102	235062.813447861	16424.3880097069	12318.2910072802	82121.9400485347	240469.296474041	51566.9794633424	76362.1262460769	205672.31982154
2004-03-01	402617.712245314	229338.827722898	78966.2021421279	172117.620816532	252778.421084171	17824.2773162564	13368.2079871923	89121.3865812818	325782.306736723	56189.4818306811	76877.8250383822	213346.024864248
2004-04-01	360993.034583983	212437.508762262	72587.5090129672	152189.997104923	228031.390915252	15936.7750942335	11952.5813206751	79683.8754711673	338359.21016832	50041.1827421572	73954.2221029965	199337.931571148
2004-05-01	334584.471541494	198857.811982986	67789.007746173	140460.365491466	211742.22553574	14758.322376835	11068.7417826263	73791.611884175	295742.354554219	46285.1868197779	70027.1947426303	187086.694663871
2004-06-01	152656.971461033	109457.996257068	35699.7686981098	59148.4012527663	100063.445414527	6625.75160847364	4969.31370635523	33128.7580423682	167696.98274304	20312.1432497922	47916.7315520096	108232.802019227
2004-07-01	31076.3784665759	31869.2082667921	9553.81883829519	10333.5956045195	21781.3465516758	1307.90318781339	980.927390860039	6539.51593906693	40139.5572603871	3839.25069259336	21127.7586079894	34649.3775704644
2004-08-01	6433.52464884919	9470.91365020214	2607.41626053636	1833.09286695817	4824.99489540073	262.472530238137	196.854397678603	1312.36265119069	6777.0031104	737.414898855199	9549.10974721833	11333.1588727483
2004-09-01	6792.27242818856	9949.86923353799	2742.45913548827	1939.39051507557	5089.34885832012	277.22614784837	207.919610886278	1386.13073924185	3902.2815744	779.330867836984	9974.83465163397	11890.7378599197
2004-10-01	21085.1619588716	23636.591626999	6938.74979086681	12793.2013997419	15026.9354104891	880.63262214268	660.47446660701	4403.1631107134	14847.8764330991	2557.26483094724	17374.5080382126	26312.5549577163
2004-11-01	38256.1084911459	37686.8330755089	11405.302158416	26969.3733888	26612.6293859909	1615.65178374433	1211.73883780825	8078.25891872167	29265.0729984	4765.79544541685	23846.8587113655	40540.1876407911
2004-12-01	167471.766627097	132114.86208	44624.0351930041	101548.502412387	130328.109012606	8799.40049407647	6599.55037055735	43997.0024703823	198532.965115045	27209.8754619874	29272.044411871	130547.287764734
2005-01-01	199947.511697412	160605.58203871	44340.6116424915	70950.57408	129367.829497538	8730.33221247218	6547.74915935414	43651.6610623609	125132.268040258	26990.4921745492	26099.3936020645	129833.409253075
2005-02-01	233472.825051429	145571.00544	41539.8904580322	66144.8085942857	117986.91262725	7861.76070803324	5896.32053102493	39308.8035401662	124515.636183771	24168.5435088292	42727.6240457143	124498.143626445
2005-03-01	292799.365780645	188307.085378065	44046.4023464657	60532.9147045161	128372.049190206	8658.74601397184	6494.05951047888	43293.7300698592	188379.693307045	26763.1611733152	54613.7900593548	129091.690661108
2005-04-01	344069.508096	252567.733248	50372.6467189004	55537.173504	149221.710943858	10143.0178494442	7607.26338708313	50715.0892472209	273928.74918912	31458.4107521044	72744.726528	145560.148970364
2005-05-01	485524.720586677	264929.369182958	92149.1166292588	211588.975649032	302387.524400876	21574.2963264262	16180.7222448196	107871.481632131	464059.372180645	68366.5611164916	100861.883953548	243661.604597904
2005-06-01	334527.879168	394061.119488	50802.3275841007	89055.203328	150700.120037289	10250.1306736895	7687.5980052671	51250.6533684473	181656.30431232	31799.7384436446	41836.372992	146628.054744881
2005-07-01	108596.206823226	105518.262007742	15060.6048896759	13716.5848443871	36941.2932163885	2296.36227657798	1722.27170743349	11481.8113828899	44271.895479329	6845.19179574883	16857.6669894194	51263.0523166395
2005-08-01	20219.729787871	23187.1842766452	3818.30866848135	449.853473032258	7512.36673738463	420.694126520961	315.520594890721	2103.47063260481	7720.11697052903	1197.25917776617	12161.8281042581	15736.8211834314
2005-09-01	14744.6710272	9427.4555904	3042.89313630121	848.1447936	5741.99947590695	315.260564720271	236.445423540203	1576.30282360135	4322.276352	889.368511451624	11131.900416	13003.5369260722
2005-10-01	15637.5738060016	18774.7209310566	5423.13409595255	7489.66571767742	11288.6297602574	649.266781191026	486.950085893269	3246.33390595513	10586.3598438135	1869.77836043566	14943.7088113914	21283.9991413134
2005-11-01	87107.9886024187	71042.5561162181	22478.1368679208	99396.0456192	58490.8369498049	3739.07037316666	2804.302779875	18695.3518658333	95844.439296	11284.9724799704	36109.7795391191	72687.8530220937
2005-12-01	936487.090837991	439475.423312043	158388.314278068	434902.205943832	567014.525078563	42156.2792281836	31617.2094211377	210781.396140918	1087306.12985971	136054.270928168	117668.395598702	388352.000236377
2006-01-01	1014967.16076912	467586.832887359	169254.723001496	475083.289997308	612410.210223974	45761.7706460621	34321.3279845466	228808.85323031	1190992.06533969	148021.833846441	122541.475569077	411174.106577894
2006-02-01	760065.106711882	383034.874421888	135748.303198072	342384.373138402	466378.431831927	34005.3745619093	25504.030921432	170026.872809547	847081.989874314	108803.524117394	111394.67479074	344935.639053143
2006-03-01	376292.593384952	217696.461763612	74683.8953020563	137165.848443871	236938.057076848	16636.6028637578	12477.4521478184	83183.0143187891	387419.543174271	52346.7989971798	74300.712578338	203350.835826347
2006-04-01	458100.261108267	255237.318093361	88342.5030428212	146794.2912	286424.502361063	20319.1615410126	15239.3711557594	101595.807705063	481948.502136823	64226.3730229665	83393.5517152898	236050.571517848
2006-05-01	754155.912457068	371946.228178512	132490.0686083	342868.318064798	460887.418512094	33803.6879793172	25352.7659844879	169018.439896586	850972.540846667	108441.568915253	105497.169412661	333039.313436792
2006-06-01	394180.068401452	227331.445321315	78046.907352958	149648.62464	248055.60141656	17432.141535508	13074.106151631	87160.7076775402	406566.851017949	54870.7986164919	77307.7134924079	212174.51833903
2006-07-01	75819.4240450138	63359.0250003228	19932.4507761614	17678.4522735484	51143.2989053496	3247.70661399066	2435.779960493	16238.5330699533	18641.2965491613	9773.09072905065	33126.128725245	65246.0298419769
2006-08-01	22765.3805057219	25074.9203423602	7391.56790356741	3890.83793341936	16171.0208767405	952.248853036594	714.186639777445	4761.24426518297	5570.29089940645	2771.13987950322	18059.3732238518	27783.748226529
2006-09-01	20761.6262782087	23533.1222758733	6890.37251182928	2177.4486528	14827.0726599166	866.293917007128	649.720437755346	4331.46958503564	3668.22623232	2512.24946369222	17522.0979689266	26274.4323719745
2006-10-01	23660.7142482581	29074.6627751737	8660.10164420788	7229.22423329032	19434.6548915727	1158.3046345374	868.728475903051	5791.523172687	4036.05379138065	3388.85835770579	19896.1300464606	31841.0799648534
2006-11-01	45343.125504	77298.1392005154	24602.7224119732	59908.3812864	64955.0966590159	4180.93025880689	3135.69769410517	20904.6512940345	90961.08254208	12657.0991511799	38160.2620076596	78562.7482434206
2006-12-01	134324.668614194	194188.351754914	66086.9181766634	135783.236823206	205583.910187051	14301.3976963934	10726.048272295	71506.9884819669	971619.57520351	44813.6800670026	68946.6184833696	183036.932945103
2007-01-01	101730.022234839	157256.358628316	52731.5257267681	125327.599153548	158193.825321032	10817.3301412428	8112.99760593208	54086.6507062139	228675.515458065	33638.8879266983	60055.6700891576	150716.906319882
2007-02-01	178512.343405714	132367.089886473	43539.919770341	87639.6869485714	124605.633496934	8332.53775455462	6249.40331591597	41662.6887727731	80933.4596571429	25656.5067021111	55571.9039444542	129639.724265823
2007-03-01	367853.86628129	213801.470018215	73254.7788979252	165419.803416774	231683.716771905	16243.7759812316	12182.8319859237	81218.8799061582	309929.312503742	51077.4423462683	73427.9682521508	199997.582129488
2007-04-01	254443.43808	148568.246896035	49505.8186736202	114173.3376	146245.381724354	9927.59016784229	7445.69262588172	49637.9508392115	190564.27121664	30772.2239496905	58522.2302960577	143401.900714153
2007-05-01	222164.478348387	268807.180552258	43428.4926631406	124064.852562581	126284.157953159	8508.76689831203	6381.57517373402	42543.8344915601	191515.250935742	26287.0504207351	53333.9243320947	127531.64875344
2007-06-01	46631.6531712	86445.52704	15879.3315628527	40074.8414976	39075.7922561629	2432.7736913098	1824.58026848235	12163.868456549	37527.96054528	7256.75327626728	29196.1530253165	53898.2322091602
2007-07-01	11419.9644820645	25641.6479628387	5747.5720216482	7679.07770632258	12076.1933462911	697.640523292563	523.230392469422	3488.20261646281	6547.34107416774	2013.03207852323	15484.2491882702	22375.3299009064
2007-08-01	7560.69521341935	14008.5949935484	1815.29936861465	3788.23977290323	3169.31211810689	167.721317141325	125.790987855994	838.606585706624	3453.61192629677	465.48557016458	7652.26755613365	8298.74956655967
2007-09-01	6206.1364224	12575.3776128	1631.94927519153	4681.1068416	2786.15213072095	145.890460852569	109.417845639426	729.452304262843	2011.5658405048	402.997754132984	7261.78092337925	7606.81430677044
2007-10-01	38600.5848526452	66452.0393496774	12422.1775368668	38142.8392134193	29541.118021714	1809.63901483481	1357.22926112611	9048.19507417407	81443.9982509419	5359.35879329768	24807.4512256002	43433.0793884681
2007-11-01	34415.106048	69237.974016	13339.7673934133	47284.0722432	31919.973374127	1961.09560608931	1470.82170456698	9805.47803044655	35975.9383543818	5815.45740498153	26244.6957176179	46391.8408636732
2007-12-01	70319.2007845161	96442.2708851613	25682.3770024536	58954.4814658064	68635.7886544115	4443.37145597446	3332.52859198084	22216.8572798723	89500.3510366567	13486.0424774688	38679.9693250309	81149.0051539546
2008-01-01	125090.834167742	100546.197305806	33420.3767452692	75054.5005006452	93176.2724290705	6154.15614671636	4615.61711003727	30770.7807335818	128476.884174643	18845.2725489657	45439.3573297653	101792.13734281
2008-02-01	169657.080231724	89342.0427475862	41462.889848908	82508.5153986207	118398.833068048	7909.1805470261	5931.88541026958	39545.9027351305	168491.877558156	24341.6229212649	53205.1078580727	123692.918682399
2008-03-01	242684.110451613	170944.319752258	55736.7643656997	101887.86555871	168705.35593168	11584.8566626093	8688.64249695699	57924.2833130466	259260.250653634	36093.1679585077	62126.194613513	158080.248071883
2008-04-01	300275.877888	296606.020608	50865.0153131076	81960.14592	150915.979009575	10265.7757398368	7699.3318048776	51328.878699184	265564.73668608	31849.6014740383	59499.6515744742	146783.749982468
2008-05-01	487519.627969648	265767.643802904	92461.1890111919	212361.124209353	303576.466238518	21664.6946519666	16248.5209889749	108323.473259833	704000.95488	68660.8611851683	84664.8244309726	244371.583636102
2008-06-01	195562.616832	420728.749056	45518.6735404804	118984.928256	132664.844206148	8948.35744124193	6711.26808093145	44741.7872062097	184843.37147904	27658.3991440108	55592.9730112078	133404.981609495
2008-07-01	32129.0085739355	52956.4351587097	12136.5262678087	15160.8512578065	28754.1237587178	1758.31446045477	1318.73584534108	8791.57230227385	25816.0648357161	5203.26903806848	24457.0184930519	42572.1700385114
2008-08-01	11522.5626425806	16021.0973729032	3913.92206877433	1499.51157677419	7731.14585593965	433.761167105205	325.320875328903	2168.80583552602	6622.31665300645	1235.47817783034	12241.6621894135	16075.3610584255
2008-09-01	8603.776512	8669.0184192	3165.15485305134	530.090496	6010.63642906891	331.000366201522	248.250274651141	1655.00183100761	4587.3216	935.014292249695	10888.7309678847	13451.933353435
2008-10-01	20267.0827850323	32444.6952216774	5646.11732260487	8491.97082425806	11829.1273802526	682.442310249285	511.831732686964	3412.21155124643	9641.07022203871	1967.99403627372	15316.5216244932	22035.0067421439
2008-11-01	103571.52768	122491.680768	15738.0019132563	45742.7321856	38672.4144861465	2406.02333473057	1804.51750104793	12030.1166736529	73459.12541184	7174.79310258378	29036.9659587418	53485.1442691286
2008-12-01	37487.7894193548	59743.6980851613	14702.9205947748	39839.6549450323	35924.929760979	2229.10282715576	1671.82712036682	11145.5141357788	41621.8678953139	6639.308435544	27501.145249453	50213.5497444779
2009-01-01	46011.3289083871	111516.308314839	23110.0707764154	68109.3942503226	60722.8070023973	3899.66235067456	2924.74676300592	19498.3117533728	77430.1374022845	11793.7328294608	36262.4078761217	74103.5364822495
2009-02-01	84581.4725485714	127221.71904	27581.2464305844	53300.3081142857	73350.6955378153	4737.61903601668	3553.21427701251	23688.0951800834	95033.1011267553	14364.3336499068	42034.1351871343	87519.647111395
2009-03-01	250655.198307097	273463.558606452	47870.6161556165	83420.1966658064	141396.678232606	9597.86207389623	7198.39655542217	47989.3103694812	210397.277347415	29749.3745184665	56606.7670715672	138680.699680472
2009-04-01	302640.897024	378892.376064	41174.5608965237	86445.52704	118085.254973416	7904.4063977697	5928.30479832728	39522.0319888485	169007.44685647	24349.0552375502	52285.4262759501	122372.597894051
2009-05-01	378823.977290323	192940.149799023	65632.4130530988	196909.546529032	203943.749307605	14179.8538201909	10634.8903651432	70899.2691009547	324461.485424168	44422.4675373727	68656.2525143062	181953.087463392
2009-06-01	140514.757632	186102.540288	28664.8970354544	59149.9441152	77561.2321508232	5050.71995475025	3788.03996606269	25253.5997737513	170486.07427584	15369.3497902711	41898.4385573932	89604.8839714554
2009-07-01	23526.5474229677	26067.8249372903	5512.21461195836	3417.30796180645	11504.1352346788	662.482214289043	496.861660716782	3312.41107144521	14602.0858913032	1908.88642179539	15093.3466176107	21584.5291344085
2009-08-01	9652.11925470968	11767.2197945806	2221.37224819507	678.726292645161	4006.13782098447	215.287535665654	161.46565174924	1076.43767832827	7385.48912392258	601.585282152869	8657.7714321431	9873.3220736508
2009-09-01	6931.95264	10267.4451456	1624.94384186854	1785.9972096	2772.27506234297	145.116320133228	108.837240099921	725.581600666141	5588.78487552	400.801097366983	7242.70164115794	7578.70449269988
2009-10-01	45885.0542492903	37053.7202787097	7323.9302276129	10914.8658456774	6202.80473739324	343.024637722589	257.268478291942	1715.12318861295	12864.2308954839	970.793751932654	10900.3664349356	13653.2717163567
2009-11-01	38329.62048	39552.90624	11172.676608	25729.777152	15051.9401732629	880.300186237184	660.225139677888	4401.50093118592	26789.958144	2553.98570994692	17661.6131203965	26569.3086567602
2009-12-01	52798.5918348387	43327.9924025806	14276.928644129	32357.8813935484	21838.7192884925	1311.57436220614	983.680771654605	6557.8718110307	72663.174144	3850.32178788606	21157.0619569285	34717.0249006037
2010-01-01	214430.15547871	126906.032392258	45435.2007762581	97547.1741522581	117824.402649268	7902.76836003163	5927.07627002372	39513.8418001581	169578.504573974	24365.6745687493	51420.608764092	121140.737436757
2010-02-01	260035.601554286	96290.0648228571	24640.4703085714	63698.2370742857	106178.919478973	7026.23535370479	5269.67651527859	35131.176768524	130358.573238857	21533.8209981573	51078.4027944584	115135.103536883
2010-03-01	381823.000443871	155633.517336774	35854.1110172903	71108.417403871	124138.221576914	8354.78754136116	6266.09065602087	41773.9377068058	172633.243317677	25798.4792078839	52854.4760188895	125921.270437671
2010-04-01	455633.169408	261212.285952	58228.402176	109687.95648	191959.731207478	13265.2156501343	9948.91173760076	66326.0782506717	263039.0593536	41444.4000397413	67539.8928411697	175444.979421959
2010-05-01	382964.338821317	220664.272583946	87208.4364387097	157527.637223226	240956.962485553	16937.4520271754	12703.0890203816	84687.2601358771	332094.461258323	53319.4990426465	74962.0873021027	205902.681679045
2010-06-01	537257.860441099	288587.186361718	118903.375872	235508.764727621	333624.268572811	23905.3623318977	17929.0217489233	119526.811659489	577227.691390177	75897.9718795796	90372.6602562913	264316.497050858
2010-07-01	217034.570322581	84999.8647742044	44653.8763230968	33589.0593197419	73671.4617418003	4791.55689346853	3593.6676701014	23957.7844673427	70066.6514663226	14572.8022148306	40150.1372941629	85522.7793714759
2010-08-01	32247.3910668387	32278.9597316129	4577.45639225806	2044.07104412903	12869.5640559893	746.580577407122	559.935433055342	3732.90288703561	11246.3368258065	2158.23925205158	16012.1588957492	23456.246890063
2010-09-01	19751.9874048	17207.553024	4191.7925376	4346.7420672	11725.8803773941	674.645751364654	505.98431352349	3373.22875682327	8465.1374592	1943.16013551494	15484.3003260652	22078.6319835925
2010-10-01	64005.4678296774	45261.57312	13400.8981966452	31055.6739716129	35159.5146931335	2178.53236512824	1633.89927384618	10892.6618256412	40575.1676114879	6484.62200441844	27190.8524629297	49418.1060101311
2010-11-01	145978.76736	114173.3376	46297.2883968	91338.67008	86196.6511703407	5652.0222447463	4239.01668355973	28260.1112237315	116475.209369338	17252.0131219172	44294.836954807	96900.0478324406
2010-12-01	357199.44192	206301.865506924	71266.2607277419	148013.44945639	221632.180433225	15493.935999109	11620.4519993317	77469.6799955449	357999.782145582	48656.7986536616	71731.9019420114	193527.378349155
2011-01-01	315765.569403871	199987.491344516	60217.2280567742	147857.429163175	221428.555283775	15478.768345825	11609.0762593687	77393.841729125	357610.83072992	48607.8667135153	71697.1708292635	193395.529988238
2011-02-01	199570.333988571	146881.668754286	33902.4910628571	104241.422262857	125787.569719528	8416.78182781135	6312.58637085851	42083.9091390567	179840.476298717	25923.019093044	55849.0150340979	130550.362395442
2011-03-01	502494.221543226	201881.611230968	51693.6885677419	163920.29184	249532.673369081	17580.5106671632	13185.3830003724	87902.5533358161	411890.75032066	55400.1965378165	76356.1324015702	211311.48760019
2011-04-01	703307.759616	267395.070058127	76903.898112	192382.073856	303468.116796026	21609.96251165	16207.4718837375	108049.81255825	516045.727157733	68421.3918086561	85972.3379709101	246386.900509878
2011-05-01	690959.150245161	231953.738705055	101493.257249032	224374.284882581	256363.436641495	18093.7625768928	13570.3219326696	90468.8128844641	425258.262468842	57062.3836054222	77450.3785212912	215585.392810563
2011-06-01	525908.162269703	283878.618840289	150301.043712	230051.31272241	326876.170892366	23390.4890337329	17542.8667752997	116952.445168665	563445.637073473	74219.1497854038	89404.8995596281	260342.075284419
2011-07-01	290589.559246452	143067.348233108	88471.1830296774	140954.088216774	140662.155441289	9544.74457339196	7158.55843004397	47723.7228669598	209105.31376889	29580.2501570699	56451.6418260643	138146.188972479
2011-08-01	49720.6470193548	63453.016196129	14387.4189708387	10244.0317192258	27471.6454018328	1674.87465421393	1256.15599066045	8374.37327106966	30306.1918139103	4949.77646806858	23876.0841302535	41156.0420701999
2011-09-01	21807.1074816	23560.4837376	4974.695424	1614.7372032	18759.7209719637	1113.09658208583	834.822436564372	5565.48291042915	19187.4562771968	3250.14423274579	19834.3576319941	31281.5341720843
