Month	East_Fork_Avg_Flow_m3day	South_Fork_Avg_Flow_m3day	Sugar_Avg_Flow_m3day	French_Avg_Flow_m3day	Etna_Avg_Flow_m3day	Johnson_Avg_Flow_m3day	Crystal_Avg_Flow_m3day	Patterson_Avg_Flow_m3day	Kidder_Avg_Flow_m3day	Moffett_Avg_Flow_m3day	Mill_Avg_Flow_m3day	Shackleford_Avg_Flow_m3day
1990-10-01	14228.485049641	17457.2742422567	5016.9015291032	4382.31529718935	10283.7044901344	587.864974038111	440.898730528583	2939.32487019056	9513.27958425651	1688.36591390242	14248.8288863885	19862.3526186898
1990-11-01	24360.5262270672	26617.5985095374	7861.15371642736	7883.87193956406	17199.8078225657	1014.74963345431	761.062225090732	5073.74816727155	17408.5610789683	2955.50613131024	18992.979069464	29331.4343871632
1990-12-01	28533.9305436168	29840.8572989811	8904.56025390179	9409.07468246179	19969.1314176453	1192.27761466757	894.208211000674	5961.38807333783	20910.6245962038	3491.00746188411	20237.7332543754	32488.0625069456
1991-01-01	49306.9848997054	45481.1370584539	13979.0663674957	17155.0736628249	33643.9158122679	2078.61196483863	1558.95897362898	10393.0598241932	38835.1731636188	6179.27283233565	26665.0498780531	47829.6775719059
1991-02-01	91646.1539778723	75056.7599771753	23724.8767693689	33548.0137482405	61051.1329046213	3896.05548622933	2922.041614672	19480.2774311467	77283.8770744892	11749.8304235159	38335.4932264092	76384.3110934903
1991-03-01	142787.547551215	103184.664026862	33591.8170928301	55139.9655291177	92748.2776486662	6124.03945278538	4593.02958958903	30620.1972639269	129382.421088643	18750.5376006786	45581.7638424427	101445.250514564
1991-04-01	113440.415461008	87075.8558726435	27947.4749315067	42692.0244996664	74588.1069046485	4844.6852631586	3633.51394736895	24223.426315793	99289.8287857194	14725.6320829322	41254.0010240228	87045.3298333213
1991-05-01	174200.147345074	120268.131067649	39576.6328518506	68595.3644991359	112115.398750032	7495.41188664859	5621.55891498644	37477.0594332429	162037.843451846	23076.3539150421	50389.0702282431	116760.821359645
1991-06-01	99360.8648587207	78624.1518691766	25054.6632310299	36910.464025504	65732.7914296497	4234.28950986214	3175.71713239661	21171.4475493107	85460.6605445469	12823.0748113039	38587.4297225767	79259.0947220665
1991-07-01	18387.8102804402	21270.7818681656	6198.19385452416	5807.62255530669	13133.0001027806	762.875360000374	572.156520000281	3814.37680000187	12716.9110026662	2206.64512039858	16215.7492495539	23811.3144840356
1991-08-01	6365.79281770428	9393.9985225962	2584.76116359666	1811.91229497553	4775.48920886332	259.603952115303	194.702964086477	1298.01976057652	3828.08477640298	729.136853945567	9498.28425815977	11246.8273330761
1991-09-01	5731.42314887629	8729.59364523827	2384.12238687949	1609.45528563036	4327.11323658179	233.212479411636	174.909359558727	1166.06239705818	3384.58308975209	652.51362517375	9156.23035557305	10542.9772690037
1991-10-01	8485.29651515363	11722.356206016	3275.92811256526	2484.2404251794	6281.34892970331	347.654860418677	260.741145314007	1738.27430209338	5299.66055119098	984.25797449976	10979.4754305513	13781.2502340223
1991-11-01	19468.0697179603	22395.1569876763	6534.4110423276	6163.48375159595	13888.9111945476	808.011342547268	606.008506910451	4040.05671273634	13507.2034983484	2338.77871735355	16962.8342067929	25031.4282007231
1991-12-01	56863.063649777	50762.0912428612	15722.9801142919	20062.6245797266	38544.3821495832	2402.69478721697	1802.02109041273	12013.4739360849	45636.1561641812	7171.01331574302	28652.7182876432	52903.3868066785
1992-01-01	50465.4501166838	46302.2325746466	14249.3214356785	17598.1699594988	34397.3692882874	2128.24957528943	1596.18718146707	10641.2478764472	39869.4607894674	6330.91268635932	26979.1344470599	48621.5988858872
1992-02-01	145992.396639453	106583.669411769	34614.9771872557	56132.0751087799	95025.5813738711	6256.97994080203	4692.73495560152	31284.8997040102	131512.816953144	19133.9388867426	47644.3055175057	105082.697897299
1992-03-01	145497.250033294	104690.078595107	34116.570821583	56290.0608443271	94426.1436148189	6242.1575576186	4681.61816821395	31210.787788093	132164.827159171	19122.1617373442	46015.9048385781	102802.801197219
1992-04-01	286515.863511708	177793.369652097	59995.6388335844	118084.669709718	180475.565124584	12421.2863265782	9315.96474493365	62106.431632891	283350.53085385	38738.1350512297	65820.6931273704	167600.847463278
1992-05-01	140307.08766545	101800.850468186	33109.9243390349	54089.0431542739	91211.0677576705	6015.9460392193	4511.95952941448	30079.7301960965	126841.49986266	18410.6245871041	45180.7564530112	100195.920415975
1992-06-01	33355.1872405369	33909.2773644193	10186.2919421542	11132.7395106155	23210.3039535488	1396.51973081029	1047.38979810772	6982.59865405146	24844.4156722836	4103.04691562249	22254.1011934026	36630.1282657898
1992-07-01	21363.649925847	23876.7558884775	7014.22752870262	6847.52063439619	15152.7989284083	888.494281424273	666.370711068204	4442.47140712136	15070.0254321619	2580.72040138731	17489.8438322877	26475.7871208545
1992-08-01	4031.74324034425	6607.27824588396	1773.64197775033	1097.29205204487	3089.17972024447	163.206505508519	122.404879131389	816.032527542596	2282.84194130738	452.618056441794	7544.39425029014	8142.66126957612
1992-09-01	12048.4401095263	15473.7880096579	4399.26267847356	3639.10753961941	8788.719801712	496.190702936517	372.143027202388	2480.95351468258	7847.02276772366	1417.22438138001	13317.3826378143	17829.0357080864
1992-10-01	27648.8187612509	29125.1087455131	8676.18293795203	9089.07438638453	19377.9501677339	1154.70386975395	866.027902315459	5773.51934876973	20178.001276988	3378.03642068885	19918.7159750636	31772.1709085916
1992-11-01	34244.5319405877	34603.7544533043	10409.7136405446	11459.106448068	23800.1403844463	1434.36640054287	1075.77480040715	7171.83200271437	25595.4612433957	4217.32011770851	22551.344228303	37318.0788975421
1992-12-01	66474.5575460694	57252.7057950797	17883.7716979422	23815.8073467873	44734.8183477192	2815.93638715523	2111.95229036642	14079.6819357761	54459.5936009264	8440.8566040987	31000.3062053304	59080.4634255285
1993-01-01	188381.0808333	127743.114517087	42214.7060494687	74751.0307590977	120803.689916307	8115.86884556887	6086.90163417665	40579.3442278444	177045.678032853	25040.8865770839	52417.321832537	123404.560153483
1993-02-01	234153.305857863	154619.373964172	51417.1526323841	93974.4257224469	149353.696593071	10106.7710356064	7580.07827670483	50533.8551780322	223446.263171927	31283.9451908491	61520.6966124514	148277.125308129
1993-03-01	634806.415478696	325712.610236217	114945.441781828	283771.726354482	384816.593348975	27892.5543190365	20919.4157392773	139462.771595182	700218.535657728	89010.4405955383	96719.4198116395	291346.287030841
1993-04-01	427364.462778093	241938.785715082	83425.7203548842	183178.705927178	264257.536714166	18647.907648992	13985.930736744	93239.5382449601	445515.467816214	58805.7818826993	80523.6639739206	222365.31964923
1993-05-01	636794.050607816	326498.068943726	115242.114108013	284747.536798104	385965.612952509	27981.3057795367	20985.9793346525	139906.528897683	702700.483047622	89301.4085032074	96872.0039306955	291991.046607115
1993-06-01	462647.025112958	257186.903990828	89064.8465946166	199850.564016025	285025.356563566	20213.4164852597	15160.0623639448	101067.082426299	487366.01277138	63883.0247609896	83809.8904171276	235195.081952004
1993-07-01	85734.6801599221	69651.8289159067	22058.2534564862	31492.304199798	57020.3737285352	3646.82115259141	2735.11586444356	18234.1057629571	72634.1368286524	11008.8997830141	35243.9847888347	70726.3407298095
1993-08-01	24926.1996866052	26889.400129356	7965.40225620973	8111.16975273956	17553.8334914698	1039.25135979916	779.438519849367	5196.25679899578	17944.1716299311	3031.5535709525	18904.2831221769	29526.5073324428
1993-09-01	21164.2924561741	23883.9973228703	7000.37475608944	6755.62569319117	15040.7362540992	879.602003995208	659.701502996406	4398.01001997604	14846.6522803337	2551.90481651425	17692.6409962463	26554.6436703509
1993-10-01	26606.5701102325	28275.5057414096	8405.60769527483	8713.55193437693	18680.6877205206	1110.48456500459	832.86342375344	5552.42282502294	19319.2751413586	3245.21328625272	19536.4992438329	30920.5154762619
1993-11-01	32411.2423500437	33167.4958914004	9948.00649397311	10787.2687343808	22583.4575597255	1356.36740873446	1017.27555655084	6781.83704367229	24050.1448223158	3981.9045508694	21934.27821543	35894.0366174136
1993-12-01	62193.7992362369	54390.5330290298	16928.6823452211	22137.143474874	41983.2347454229	2631.75855513141	1973.81891634856	13158.7927756571	50507.4653208665	7874.22254419144	29977.0739283133	56364.0598162686
1994-01-01	92062.2487422633	73579.8662144808	23392.1373986767	34053.5696457885	61027.1569371716	3920.49242001971	2940.36931501478	19602.4621000985	78730.3354626825	11858.4537494279	36532.4365936206	74378.7447879491
1994-02-01	90754.8865252436	74493.7457746495	23534.4716292121	33189.9278676802	60484.7692465115	3857.55506641735	2893.16629981301	19287.7753320868	76433.7623201071	11630.5659135643	38147.0491020345	75858.2811084662
1994-03-01	130625.764233186	96344.7547914691	31214.4541702619	50004.9553414273	85199.0130079815	5594.35501123603	4195.76625842702	27971.7750561801	116981.653732495	17086.5008481602	43580.927766952	95256.2510061974
1994-04-01	121327.412283647	91704.0058664736	29540.0809326234	45962.217173123	79525.9802632177	5187.16072515013	3890.3705438626	25935.8036257507	107138.019261784	15796.0306724076	42676.1661938814	91282.398946062
1994-05-01	168282.705006529	117108.042776294	38464.7902353289	66040.9989583819	108480.384976169	7236.74491287727	5427.55868465795	36183.7245643863	155822.101937863	22258.6355094567	49518.5814877171	113942.038271213
1994-06-01	47166.3423938629	44284.1723966615	13554.4819925231	16286.5460310609	32298.4933029858	1985.88490459053	1489.4136784429	9929.42452295267	36773.1739337466	5890.98785159799	26502.2287493101	46799.1151352643
1994-07-01	6336.54406480428	9360.72612821526	2574.96491684718	1802.77266977706	4754.56116036996	258.391873412628	193.793905059471	1291.95936706314	3808.1835987256	725.639827449322	9476.25334633729	11210.2620075448
1994-08-01	3061.59993674644	5344.64127650275	1413.50514995968	811.059609300801	2375.93301243064	123.383178340762	92.5373837555718	616.915891703812	1671.76062753574	339.573422174361	6566.67221941648	6702.46196546486
1994-09-01	2547.21483787155	4673.4853872067	1221.60239639225	660.599445704967	1996.68547456085	102.293473105094	76.7201048288208	511.467365525472	1351.71364978275	279.842892387926	6083.10171729897	5941.80669969628
1994-10-01	4839.39608232309	7605.34040683176	2061.81732515647	1340.90555489499	3676.7966409705	196.481067987282	147.360800990462	982.405339936412	2806.89759986809	547.665258561913	8271.98468293259	9264.87623577788
1994-11-01	5389.46366982562	8325.48883890286	2266.20663203685	1504.32463937738	4080.54760757887	219.079601859328	164.309701394496	1095.39800929664	3156.94240675686	611.925427844944	8876.56582844484	10094.1848360853
1994-12-01	23209.6839800844	25451.1278976931	7510.31195019077	7499.93377045312	16399.0980147659	966.566304127772	724.924728095829	4832.83152063886	16552.0637815339	2813.95138208312	18236.2450318897	28073.769171151
1995-01-01	570359.584446488	299925.903911499	105234.225242191	252299.577569287	347467.381563215	25017.4109896859	18763.0582422645	125087.05494843	620315.720519234	79598.5441933839	91636.8791184522	270105.707594051
1995-02-01	669781.58100156	347477.415217856	122307.455302765	297995.680372475	406924.644181022	29406.3639712543	22054.7729784407	147031.819856271	734123.430514991	93716.0143166246	104513.598796245	311764.070091154
1995-03-01	741026.90946862	366947.342598902	130585.351898777	336319.552591134	446000.28943922	32641.4725681294	24481.1044260971	163207.362840647	834224.688208543	104613.231375413	104567.058272786	325029.389955643
1995-04-01	519638.439919108	281267.557066891	98017.8898835006	227041.478474765	318418.91885942	22746.1936364899	17059.6452273674	113730.968182449	555848.989955955	72119.7508875178	88865.8535111093	255330.911275106
1995-05-01	595954.846814402	310243.342977051	109112.987822099	264759.170201724	362322.977588974	26158.6843066083	19619.0132299563	130793.421533042	651914.039383002	83331.1915354293	93687.8824215688	278621.541734698
1995-06-01	458751.479093921	255516.822411987	88446.0388340724	198003.514733651	282736.088190907	20040.470916912	15030.353187684	100202.35458456	482724.001123867	63321.5860018474	83453.307827726	233792.992261006
1995-07-01	185298.490575519	126129.55229248	41644.3074571	73408.94679739	118917.723707011	7980.93015135512	5985.69761351634	39904.6507567756	173770.257460511	24613.2743238302	51983.0488568755	121973.201597186
1995-08-01	38726.0663274301	37757.7671519812	11454.6090630494	13158.2561250955	26721.3903209208	1626.17952972879	1219.63464729659	8130.89764864397	29545.5783994449	4801.99744779695	23607.2343579588	40319.6914863636
1995-09-01	21722.4648156177	24367.855855761	7152.25426596384	6951.51983966447	15418.8135127555	903.180909243266	677.385681932449	4515.90454621633	15290.5835378137	2622.20516921802	17926.4077215112	27047.9710502035
1995-10-01	28392.9898280965	29727.2301466062	8868.27877594085	9358.05346896539	19875.0522349029	1186.29328221246	889.719961659345	5931.4664110623	20793.7623158756	3473.00808924054	20187.2663762676	32374.5077723219
1995-11-01	36640.9764307881	36454.9127582584	11006.7768382488	12342.6315581632	25386.0476677594	1536.42692772333	1152.3201957925	7682.13463861667	27631.9052703222	4525.88363983295	23333.7681631124	39146.3646287871
1995-12-01	370465.789571474	215094.616322688	73729.0478683616	157085.266496264	230245.365278179	16136.342638986	12102.2569792395	80681.7131949302	380636.651341525	50730.4339234581	73718.3259262503	199076.229857857
1996-01-01	439143.601234122	245207.878675832	84827.6629941895	189338.098377796	270787.971504587	19180.5188828583	14385.3891621437	95902.5944142913	461428.529377714	60586.0961380637	80318.9127922571	224515.352355822
1996-02-01	875778.110411277	423795.824951024	151636.910186004	401410.013160422	524658.288441335	38639.9256396231	28979.9442297173	193199.628198115	999055.583449776	124183.159807321	117582.21153247	373004.553696068
1996-03-01	487536.892942796	265774.895229693	92463.8888698149	212369.382381591	299176.879940716	21330.2993422747	15997.7245067061	106651.496711374	519385.39216681	67572.374933029	84666.3362853901	241740.743589588
1996-04-01	504097.310969215	274763.910273833	95594.3659278918	219596.257256747	309330.387824171	22055.0559261933	16541.291944645	110275.279630967	537071.056586482	69869.5247014508	87515.6180522172	249907.165612119
1996-05-01	517618.197266791	278321.950885035	97143.0547287705	226800.632288871	316756.888161326	22668.3722374475	17001.2791780856	113341.861187237	555800.776810187	71930.6485537807	87261.3708810426	252194.94110069
1996-06-01	213390.030921097	141682.583562123	47054.3945066975	85441.1540070945	136260.400019055	9207.00416446313	6905.25312334735	46035.0208223157	202992.958920529	28479.9955212837	56732.5904324992	136076.493784432
1996-07-01	58716.8069513883	52032.3774891854	16144.4194176392	20781.9551609887	39741.8556828121	2482.31297551977	1861.73473163983	12411.5648775989	47323.5867753043	7415.2363497879	29119.9741335865	54117.1812073436
1996-08-01	14758.8224847762	17956.4867709254	5170.58819913192	4562.00202378184	10648.9482452054	610.138123026589	457.603592269942	3050.69061513295	9915.58160804416	1754.11512457576	14514.1990678801	20383.0395364993
1996-09-01	12990.6338615472	16397.9768714242	4681.03396687508	3952.77058847962	9443.02204507635	535.646167318326	401.734625488744	2678.23083659163	8545.04989507264	1533.11671334843	13832.7099797931	18804.0012791382
1996-10-01	25314.8411164451	27211.8413398717	8067.66535803229	8250.14622443504	17814.7603500381	1055.71967099662	791.789753247461	5278.59835498308	18261.1536065433	3080.91471788761	19052.3375632758	29851.3034632885
1996-11-01	395372.586695299	227861.143637653	78241.5419481829	168177.850433992	245358.012403107	17230.2150557022	12922.6612917766	86151.0752785109	407959.247591753	54217.9493074768	77425.5567865668	210461.290897827
1996-12-01	902399.210300701	427098.287016925	153619.227366476	417550.603227136	538192.743010033	39876.859950347	29907.6449627602	199384.299751735	1042620.29995425	128502.553306788	115488.839299179	373617.309003946
1997-01-01	1156501.53710923	517062.24411961	188489.502448831	548308.026153062	681861.473129888	51311.46223095	38483.5966732125	256557.31115475	1380625.97301626	166492.459781324	130879.184278015	445263.592264668
1997-02-01	392452.957080701	230180.222567693	78711.966393227	165689.622865143	244409.329677753	17081.8171644746	12811.3628733559	85409.0858223729	400888.91133245	53637.1685048363	79820.7482735357	213634.67474254
1997-03-01	282290.753568554	174451.92941599	58925.2003131812	116548.153012257	177666.58397686	12241.6724883087	9181.25436623156	61208.3624415437	279832.797424262	38196.9755026847	64276.0591930912	164264.267948216
1997-04-01	313649.069465948	190629.885850551	64642.7848447184	130419.633125503	196740.690477452	13617.5394331571	10213.1545748678	68087.6971657853	313905.507856477	42575.6215974591	68893.2565733742	178674.528372326
1997-05-01	227822.460945019	147892.445585861	49378.3717089222	92103.0329608999	144816.014384203	9845.37033368878	7384.02775026658	49226.8516684439	219546.662193076	30537.767412879	57690.5228867093	141159.574268787
1997-06-01	97992.3948741137	77788.5198757953	24769.7944368128	36352.6246978055	64869.1154121907	4175.03346830476	3131.27510122857	20875.1673415238	84129.7027942179	12638.7605305128	38318.5282867582	78485.6288418799
1997-07-01	31810.0673210719	32447.3509134817	9739.41772481791	10601.8002892939	22150.138878136	1331.51251007427	998.634382555705	6657.56255037137	23647.8623114036	3910.46362210366	21377.8233749326	35083.4175970198
1997-08-01	13052.7279053898	16334.9223782702	4672.514506918	3986.32210588583	9471.67212427461	538.534154839536	403.900616129652	2692.67077419768	8628.50534013316	1542.9896603086	13642.428217266	18687.1858051363
1997-09-01	16870.8140325884	20055.879533312	5806.72436914675	5266.71786186341	12116.044971275	698.590914056705	523.943185542529	3492.95457028352	11486.3395106736	2014.04551369275	15781.2478651621	22621.0202169125
1997-10-01	34830.1683773606	34795.9237535956	10495.7200823295	11712.0821722208	24151.4639038108	1460.07284749214	1095.0546356191	7300.36423746069	26204.4504747534	4298.83124970726	22378.2427441458	37407.2658596681
1997-11-01	71278.4516128658	60871.1969113039	19052.1300022107	25629.6999663991	47885.5765016992	3021.244788449	2265.93359133675	15106.223942245	58680.5804327521	9065.5724966312	32636.659639733	62667.4924391421
1997-12-01	91738.7122687095	73380.5579200908	23324.333488898	33922.1792130734	60822.6020192307	3906.49168726874	2929.86876545155	19532.4584363437	78417.2541468466	11814.9511618885	36467.6423975146	74193.8152997898
1998-01-01	509367.543414717	274897.628720266	95864.5262416762	222834.052444256	311939.897775422	22301.2390536203	16725.9292902152	111506.195268101	545784.335091346	70734.1317015383	86557.2225981588	249345.716815861
1998-02-01	559397.947749438	302459.4906815	105429.980330094	244526.8177275	342707.210934095	24488.4699884731	18366.3524913548	122442.349942365	598752.683873112	77654.0641841959	95441.0141834963	274486.328643452
1998-03-01	824410.436914849	398366.951743031	142586.454175856	378097.407513174	493742.265072233	36377.2311620221	27282.9233715166	181886.155810111	941231.954672014	116931.450424751	110343.302114298	350484.578306923
1998-04-01	477227.226054097	263409.308557361	91372.8760395266	206777.128879689	293585.743805281	20860.92288491	15645.6921636825	104304.61442455	504785.527878917	65986.2017218514	85131.4680925477	240412.453565731
1998-05-01	573280.533323878	301108.628722219	105678.392494244	253718.749429669	349164.247725657	25147.6126203	18860.709465225	125738.0631015	623912.455374592	80024.1505067325	91873.2163868432	271083.11523969
1998-06-01	594827.935472029	312131.733695775	109571.442531736	263361.127608379	362219.090311733	26094.5508913863	19570.9131685397	130472.754456931	647713.475323049	83046.9382418775	95132.4723494516	280933.939441437
1998-07-01	237712.541061211	152814.73504	51139.2101821761	96502.7359668158	150805.635601609	10279.8473225916	7709.88549194369	51399.2366129579	230364.231874034	31923.016800705	58940.0497062455	145465.697844357
1998-08-01	49123.8512105972	45350.9326144268	13936.2422166656	17085.1204686479	33524.7330441369	2070.76681948916	1553.07511461687	10353.8340974458	38671.9609366818	6155.31538103801	26615.064892955	47703.9919359926
1998-09-01	29458.5865171248	30814.2181394714	9194.56604655704	9713.12450902324	20617.0984602962	1230.89603648801	923.172027366006	6154.48018244004	21585.6875323584	3603.99297967906	20902.8539124182	33549.6798528558
1998-10-01	43711.621061792	41450.2773911762	12657.4283083506	15029.6991591968	29992.8173304965	1839.13766256287	1379.35324692215	9195.68831281436	33885.8554015855	5449.12589165345	25093.7087027292	43924.5204109902
1998-11-01	230363.844296184	150288.814815047	50119.6339343647	92932.4799553952	146578.637585035	9951.69715862335	7463.77286896751	49758.4857931167	221361.761913199	30848.9902314402	58964.9093980415	143644.11783428
1998-12-01	308457.273502587	186782.92520428	63393.4393884664	128463.489448852	193339.890270266	13395.6238007991	10046.7178505993	66978.1190039954	309365.230172919	41900.5063057896	67214.2940921174	174890.406014505
1999-01-01	384778.263712065	221469.107142351	76069.833885101	163761.770272106	238721.224775149	16770.0471497864	12577.5353623398	83850.235748932	397322.318111723	52778.1898829803	75140.9132797327	204484.446821312
1999-02-01	541517.492702119	294983.208128651	102643.457726683	235957.808566561	332252.414173611	23693.2513925327	17769.9385443995	118466.256962663	577137.705897662	75064.7036804811	93890.3681872161	268252.903032663
1999-03-01	519364.13498606	279044.967153184	97413.1467139449	227640.80698477	317775.763717568	22746.0742488527	17059.5556866395	113730.371244264	557923.087117783	72183.9538529466	87409.662141602	252796.160780865
1999-04-01	440939.912824588	247838.687173075	85604.7730437798	189578.040873166	272257.296044773	19250.0198246211	14437.5148684658	96250.0991231053	461566.122011535	60757.2201285128	81803.4479586551	227337.159010022
1999-05-01	553683.752814934	293146.763510384	102690.733294444	244211.208837752	337772.12155397	24274.2924599078	18205.7193449309	121371.462299539	599828.606694218	77170.5867605916	90275.9717660179	264497.247944169
1999-06-01	424979.647748414	240897.931731669	83041.678650192	182056.567123925	262851.00466557	18542.1656317411	13906.6242238058	92710.8281587053	442702.704728749	58463.2492877868	80296.7721805181	221487.165364751
1999-07-01	94600.8664480733	75138.2081388227	23922.7212297723	35086.0809870237	62631.0443659027	4030.37613992308	3022.78210494231	20151.8806996154	81191.9171504943	12200.0267368019	37036.9735818299	75823.2521412204
1999-08-01	30488.079658958	31403.3668338413	9404.44320571846	10118.9867182356	21271.3736602693	1275.29900920053	956.474256900399	6376.49504600266	22538.6287391473	3740.96434717819	20925.1254454336	34046.0328885202
1999-09-01	25448.808778366	27529.148958612	8149.60607076472	8271.45685516907	17931.8662775539	1060.83358093946	795.625185704593	5304.16790469729	18291.3413404422	3093.47655223494	19416.1875127001	30252.0605673586
1999-10-01	30335.220983256	31281.9899715041	9365.54822392613	10063.2906604995	21169.6514478485	1268.8016746048	951.601255953597	6344.00837302398	22410.7736977553	3721.38606430809	20872.1583908944	33925.2409803312
1999-11-01	71939.4611495442	61305.6570136125	19197.6926325555	25890.8104277775	48308.9961180043	3049.71880753729	2287.28910565297	15248.5940376865	59296.8668503051	9153.35578961927	32788.9236485784	63077.8815328597
1999-12-01	92258.6326822838	73700.7662592336	23433.2734097201	34133.3446432107	61151.3038245556	3928.99113701894	2946.74335276421	19644.9556850947	78920.4439863572	11884.8627357058	36571.7110825792	74490.902602711
2000-01-01	318961.544672888	191664.725545943	65168.2086712079	133275.231917178	199614.165585465	13859.3196437553	10394.4897328164	69296.5982187763	321315.58175773	43391.2072015776	68358.8826276745	179081.12827559
2000-02-01	380367.340420255	222896.677812682	76237.014352294	160647.253306152	236840.916643636	16556.8040940666	12417.6030705499	82784.0204703328	388738.793442262	51994.1182239585	77216.5933684404	206824.730971977
2000-03-01	399165.761932098	227822.380773357	78407.5394608308	170497.869868724	247226.810195503	17407.4585971586	13055.5939478689	87037.2929857929	414178.117988263	54840.0571078032	76544.7549060045	209861.942065949
2000-04-01	480871.275029209	264957.625443864	91947.7798855224	208511.564104406	295723.347125007	21022.8054842063	15767.1041131547	105114.027421031	509150.263998943	66512.2962018506	85458.6327663627	241709.105794397
2000-05-01	386102.037229904	222055.912894668	76285.555566111	164380.531707499	239504.418826997	16828.6785670259	12621.5089252694	84143.3928351293	398869.775019499	52967.7597817451	75271.1539765635	204981.653293516
2000-06-01	228452.758336837	149327.298610857	49776.5503823994	92086.245644191	145418.712408956	9867.80629922243	7400.85472441682	49339.0314961122	219284.436654745	30581.8702328726	58717.7413182268	142800.443571973
2000-07-01	52119.8271310264	47467.3672820684	14633.3898216237	18232.6720864059	35471.9753031461	2199.16780143484	1649.37585107613	10995.8390071742	41351.9219799609	6547.73057754559	27421.5381687206	49743.3604629882
2000-08-01	9209.67326653142	12486.0673927641	3504.84655906219	2718.06770583423	6791.76632096494	377.834834051748	283.376125538811	1889.17417025874	5814.53160498748	1072.13554454172	11442.5027398528	14603.1281158509
2000-09-01	11272.7116272569	14700.3785777537	4164.36542898062	3382.6548425561	8248.24409261026	463.743531161815	347.807648371361	2318.71765580907	7277.67766028325	1322.10510060244	12877.9024122247	17009.4562436523
2000-10-01	21600.0739285753	24080.0811250331	7078.16935184552	6930.7772363216	15312.683976885	898.487155294969	673.865366471227	4492.43577647485	15258.9201492742	2610.54270793888	17587.1751420958	26682.6372554282
2000-11-01	34688.4384736436	34948.8422932736	10520.8500821639	11622.3215524332	24094.2842445659	1453.26313154052	1089.94734865539	7266.31565770258	25971.3045611164	4274.4073496696	22698.2777702542	37659.5003664322
2000-12-01	40890.5430524969	39373.5112818083	11979.9600734416	13968.0072511805	28143.9373751513	1718.58379034798	1288.93784276099	8592.91895173992	31421.3839354321	5082.52415770218	24263.5864900007	41900.4771174798
2001-01-01	41560.2028231983	39869.3873846233	12141.4983096635	14219.3967317084	28583.3395093079	1747.18867592892	1310.39150694669	8735.9433796446	32004.4221428838	5169.44925152514	24463.1453425293	42384.5454474524
2001-02-01	52410.109871943	48797.7884654225	14965.4576177327	18161.9915066538	35828.8289394108	2207.97059571478	1655.97794678608	11039.8529785739	41058.1330185874	6556.41208872365	28921.6132762126	51450.2183020315
2001-03-01	144631.521384143	104209.815673362	33949.1040473686	55922.3841389113	93890.2372105998	6204.41584425594	4653.31188319195	31022.0792212797	131275.121517778	19003.397405326	45877.6393077364	102369.88578433
2001-04-01	106415.275041136	82890.9017788274	26512.477944542	39797.8682032603	70176.4408414219	4539.95814631386	3404.9686097354	22699.7907315693	92359.4490882191	13774.9470903077	39945.3700233103	83198.0539195635
2001-05-01	149664.193918189	106992.603868876	34920.2021192756	58062.7529409166	97003.5306338069	6423.86732764007	4817.90049573005	32119.3366382003	136456.880457623	19694.2322397556	46675.7731295202	104876.074922759
2001-06-01	22010.5834735891	24616.4957858741	7230.38308719695	7052.83109355431	15613.7935752811	915.355779852724	686.516834889543	4576.77889926362	15520.3245068053	2658.52417167443	18045.908764764	27301.1626353898
2001-07-01	4088.03090831514	6678.23599438106	1794.03427097923	1114.12549653747	3130.29787188867	165.522233856891	124.141675392668	827.611169284453	2318.94700629501	459.216839091188	7597.32238398751	8222.88357156067
2001-08-01	2916.2471074384	5148.05646217457	1357.93761802802	768.876842616234	2268.23587004383	117.432833793735	88.0746253453014	587.164168968676	1582.2152742968	322.761114192176	6407.57533136661	6475.85497262448
2001-09-01	2389.07523630699	4448.30539664492	1158.71952861261	615.704458543778	1878.29079156801	95.8431606597101	71.8823704947826	479.215803298551	1257.12910057043	261.731022433665	5889.64598149075	5678.52263149544
2001-10-01	2239.96643020293	4201.09000134343	1092.45179060633	575.487077908401	1763.64471297247	89.8152412849449	67.3614309637087	449.076206424725	1173.76035071989	245.054504970582	5609.40150692875	5373.70164988611
2001-11-01	26300.4361618924	28236.2404272127	8373.8224919023	8575.89819530074	18503.7195948901	1096.91858334755	822.688937510663	5484.59291673775	18985.6450091838	3201.62587714342	19741.1437651629	30964.4635640722
2001-12-01	143920.838661833	103815.071160556	33811.4979240791	55620.7169855076	93450.1968936093	6173.43614184142	4630.07710638106	30867.1807092071	130545.28019769	18905.9262715154	45763.8292108403	102013.935006681
2002-01-01	371068.638382169	215364.240044661	73827.9592012457	157365.980938099	230602.674794743	16163.0267038372	12122.2700278779	80815.1335191862	381337.770020902	50816.6172654345	73778.7900357159	199305.247079263
2002-02-01	233142.758381597	154104.992741949	51234.1159090329	93529.1711099233	148738.908280756	10062.4474887134	7546.83561653507	50312.2374435672	222355.124603197	31143.0112378729	61386.6734069833	147824.334759741
2002-03-01	206861.496032122	137293.75099379	45601.0488545016	82841.0903082971	132081.092488887	8925.57003648784	6694.17752736588	44627.8501824392	196827.074218106	27610.7520354862	54950.0794379363	131846.972831982
2002-04-01	353485.538724884	209025.413981075	71340.5118668045	148718.068416069	220504.448875264	15376.8621141301	11532.6465855976	76884.3105706507	359394.34755121	48235.9426180169	73174.6564276574	194438.211095492
2002-05-01	252115.716981624	159900.114902954	53680.8140499197	102942.14369881	159507.981242688	10913.1082999365	8184.83122495241	54565.5414996827	246223.993090137	33944.8999166302	60714.5421061578	151644.240863639
2002-06-01	147926.096610374	106835.085743185	34785.0384505902	57138.6819268145	96074.6325647479	6344.6912716765	4758.51845375738	31723.4563583825	134083.882825713	19427.5102313952	47162.1180324616	105017.071740059
2002-07-01	25468.0203065806	39989.6061027097	8719.35623529464	9149.35662585577	19489.5244214855	1161.78951963961	871.34213972971	5808.94759819807	20315.9544602314	3399.33289822319	19979.2719153727	31907.7093755286
2002-08-01	10717.5616908387	13132.5645460645	2878.17179858015	2090.86180003024	5407.90398480663	296.389266537722	222.291949903292	1481.94633268861	4436.90344698379	835.471186156754	10143.8311582404	12333.223012487
2002-09-01	7152.1440768	7274.4726528	2404.55157239843	1627.84785412203	4370.02853005114	235.677822856077	176.758367142057	1178.38911428038	3424.45658479454	659.600842592749	9204.13157240823	10620.4063947818
2002-10-01	12966.829056	17378.5499581935	3126.43444282189	2334.41931511902	5951.00483347904	328.207023913444	246.155267935083	1641.03511956722	4970.53878149915	927.739289823376	10670.2942061068	13240.1300661815
2002-11-01	32188.7259648	59712.6555648	10464.6752818459	11539.7513060789	23945.5457277704	1443.70579778748	1082.77934834061	7218.52898893738	30028.40331264	4245.53198979393	22624.0848002776	37486.9906973888
2002-12-01	398997.243771955	227748.273611342	78380.2448795776	170418.831538736	247127.268971309	17399.9905307733	13049.99289808	86999.9526538665	258861.472715148	54815.8876878054	76528.4585204857	209799.288494231
2003-01-01	671006.040799491	339931.306673053	120323.589840752	301589.72220716	405717.428522922	29509.624501687	22132.2183762653	147548.122508435	608098.508162477	94315.8255369911	99462.2675217653	302998.522369168
2003-02-01	383562.491785618	260472.489325714	77238.7831510879	161572.626444317	239126.167467028	16688.6551994228	12516.4913995671	83443.2759971142	255939.341809371	52369.3302800038	78903.7904937637	210201.048263422
2003-03-01	409974.471617013	232560.754200347	80154.0264264914	175574.150140548	253607.329968401	17886.5641804899	13414.9231353674	89432.8209024495	342009.389647277	56391.2061842247	77582.9693312067	213864.525852261
2003-04-01	410624.701585805	389820.39552	80721.9293649876	175315.219656165	254376.849979906	17905.8764449382	13429.4073337037	89529.3822246911	425816.106043959	56403.2393411181	78917.494549153	216170.387284306
2003-05-01	503771.058719878	272567.638233607	94995.2229640672	220147.068133314	308670.440970986	22052.2644198631	16539.1983148973	110261.322099316	439915.657361342	69923.0085864346	86076.3699283497	247405.37001552
2003-06-01	362704.979083863	213213.283082043	72871.2234627025	152982.70316624	225985.956647597	15784.4980598229	11838.3735448672	78922.4902991146	278479.37221632	49550.0455986231	74130.8589010209	198010.634367416
2003-07-01	86340.2981574194	129036.917264516	19149.0955868578	26085.7944170091	48415.6235136168	3063.46864237384	2297.60148178038	15317.3432118692	45474.6616072258	9203.98947572793	32323.785194655	62647.7085966505
2003-08-01	53508.8867922581	62821.6429006452	11036.4198516329	12522.4038454173	25596.278670409	1553.3230027903	1164.99225209272	7766.61501395149	16008.4699069935	4581.1205297763	23076.365742932	39053.9763875782
2003-09-01	23071.1694336	34088.896512	7193.5636795194	7005.04111712718	15521.8648862722	909.614354524022	682.210765893017	4548.07177262011	5938.64460288	2641.39520288787	17989.6548861437	27181.8910074084
2003-10-01	29116.2647824356	30308.9817643443	9054.13565104912	9620.14337032422	20357.6178305476	1217.00853639168	912.756402293763	6085.04268195842	4425.13758472258	3565.4179069371	20444.952048048	32955.5153757777
2003-11-01	46108.6557082674	43517.0770056471	13303.3638895019	15885.949602283	31607.3882894426	1940.63889602872	1455.47917202154	9703.1944801436	24102.8070912	5753.14752414461	26200.8734577506	46054.5681688436
2003-12-01	142287.314330601	102906.038109556	33494.7530367693	54927.8813115687	92438.3694562348	6102.23783644311	4576.67837733233	30511.1891822155	323148.690877935	18681.9664588142	45501.1725844608	101193.81369869
2004-01-01	198736.326926318	133119.886745707	44119.0286293142	79275.0563466628	127128.832727842	8569.42284495458	6427.06713371594	42847.1142247729	300994.591156026	26479.5761845727	53850.9468430501	128163.574595313
2004-02-01	374674.222421698	220321.839918143	75294.9182216851	158008.8918389	233458.985972508	16305.0065987987	12228.754949099	81525.0329939934	240469.296474041	51181.9676247646	76631.648448699	204630.924343926
2004-03-01	405333.696667137	230529.866404594	79405.1655508497	173392.994511184	250868.787433684	17680.8323467657	13260.6242600743	88404.1617338284	325782.306736723	55724.9893847269	77138.8896942634	212149.829749791
2004-04-01	363521.828042313	213583.145034706	73006.5140736753	153361.069831817	226471.308629216	15820.6230547984	11865.4672910988	79103.1152739918	338359.21016832	49666.5474188497	74214.9949288476	198325.862891725
2004-05-01	336954.670046311	199942.284874718	68184.7186909953	141553.359110961	210339.544835012	14654.171010825	10990.6282581187	73270.8550541249	295742.354554219	45949.660852312	70276.8967542933	186166.988337395
2004-06-01	153966.614003048	110180.777083254	35952.1079015725	59705.838154177	99812.6624186026	6608.05894557378	4956.04420918034	33040.2947278689	167696.98274304	20256.4251838262	48123.5740103362	108031.612897021
2004-07-01	31431.7708806905	32149.6422301537	9643.81621252569	10463.4349278964	21898.8496227798	1315.4226685924	986.567001444298	6577.11334296199	40139.5572603871	3861.92796524055	21249.249091703	34787.8743771949
2004-08-01	6525.72147694469	9575.31292694005	2638.1873700212	1861.95906891821	4889.84308971443	266.233037696759	199.674778272569	1331.1651884838	6777.0031104	748.270581005844	9617.86918918023	11445.9001983293
2004-09-01	6889.34191609853	10059.2461227613	2774.73479112499	1969.84633127528	5157.18951495789	281.165474779236	210.874106084427	1405.82737389618	3902.2815744	790.70954138028	10046.4621865057	12008.0583535077
2004-10-01	21341.3091054428	23857.5160930004	7008.17896206505	12793.2013997419	15137.6864120486	887.550099940472	665.662574955354	4437.75049970236	15052.1900758232	2577.90309830627	17480.6189849224	26456.2062977397
2004-11-01	38681.3193477632	38009.1556092165	11509.7254982982	26969.3733888	26732.5009232796	1623.40730843713	1217.55548132785	8117.03654218564	29265.0729984	4789.29855398568	23980.143353339	40675.5019379317
2004-12-01	167471.766627097	132114.86208	44918.5904776026	101548.502412387	129797.434265221	8761.22747578844	6570.92060684133	43806.1373789422	198532.965115045	27088.6197267832	29272.044411871	130152.949205856
2005-01-01	201552.141478027	160605.58203871	44633.8121344184	70950.57408	128846.103594626	8692.82105014822	6519.61578761117	43464.1052507411	125132.268040258	26871.364374576	26099.3936020645	129444.980438464
2005-02-01	233472.825051429	145571.00544	41827.2464969633	66144.8085942857	117631.617185705	7836.5372958803	5877.40297191022	39182.6864794015	124515.636183771	24088.8884196137	42727.6240457143	124220.063439689
2005-03-01	292799.365780645	188307.085378065	44338.192994516	60532.9147045161	127859.56352056	8621.91781529928	6466.43836147446	43109.5890764964	188379.693307045	26646.2285454411	54613.7900593548	128709.380254382
2005-04-01	344069.508096	252567.733248	50697.0161066869	55537.173504	148533.504633808	10093.1800103864	7569.88500778978	50465.9000519319	273928.74918912	31299.6300602471	72744.726528	145062.101648785
2005-05-01	488633.933513199	266235.540285203	92635.4072975811	211588.975649032	299818.873047256	21379.0747517599	16034.3060638199	106895.373758799	464059.372180645	67731.1143491179	100861.883953548	242125.259160867
2005-06-01	334527.879168	394061.119488	51128.6758289045	89055.203328	149997.27529314	10199.1999504985	7649.3999628739	50995.9997524927	181656.30431232	31637.4294601822	41836.372992	146120.705192315
2005-07-01	108596.206823226	105518.262007742	15189.9262497117	13716.5848443871	37036.9699824569	2302.7001380895	1727.02510356712	11513.5006904475	44271.895479329	6864.60076111646	16857.6669894194	51361.4615173234
2005-08-01	20219.729787871	23187.1842766452	3860.69685385978	449.853473032258	7595.52962005591	425.658304091996	319.243728068997	2128.29152045998	7720.11697052903	1211.77483799436	12161.8281042581	15865.8042812822
2005-09-01	14744.6710272	9427.4555904	3078.12388377658	848.1447936	5814.82862692843	319.523047523666	239.64228564275	1597.61523761833	4322.276352	901.723792107095	11131.900416	13125.62600165
2005-10-01	15836.128943854	18958.1231122916	5479.84799823553	7489.66571767742	11389.0432790392	655.42239677845	491.566797583837	3277.11198389225	10738.6228647444	1887.99182409927	15039.0864747276	21424.2122067147
2005-11-01	87944.7730400179	71567.7822249422	22656.0304245277	99396.0456192	58510.1389481789	3740.38515559844	2805.28886669883	18701.9257779922	95844.439296	11289.0490125459	36284.2761410354	72705.6374492633
2005-12-01	941361.427007691	441236.744823559	159067.749345203	437388.487597832	560332.078550859	41627.095707387	31220.3217805403	208135.478536935	1093713.62566182	134300.069088501	117976.821790229	384953.295535363
2006-01-01	1020101.00578365	469408.003730745	169960.306264086	477722.673114613	604946.333599846	45167.7222768908	33875.7917076681	225838.611384454	1197812.59739926	146048.204699222	122853.628448322	407452.614060393
2006-02-01	764451.784930341	384736.976232771	136393.970847983	344554.854060285	461606.835543193	33634.7810526079	25226.0857894559	168173.90526304	852617.394860761	107585.58258821	111718.392463679	342315.514495583
2006-03-01	378877.479063481	218847.725414626	75106.6521172332	137165.848443871	235228.575232951	16508.7346768109	12381.5510076082	82543.6733840547	390433.017263529	51933.5228121808	74557.6385517383	202261.996328224
2006-04-01	461109.929734812	256528.314170439	88820.7885096565	146794.2912	284122.169466092	20145.1732004759	15108.8799003569	100725.86600238	485533.760925056	63661.468663636	83669.3693630421	234642.263288522
2006-05-01	758379.15090701	373549.973377816	133101.522806238	344977.262978119	455955.097048359	33418.3526113304	25063.7644584978	167091.763056652	856368.070554509	107171.869795348	105794.651384006	330393.024390896
2006-06-01	396877.998477322	228529.30109749	78487.0978465388	149648.62464	246248.895063989	17296.8855529102	12972.6641646827	86484.427764551	409717.772282024	54433.4789798106	77574.0685147469	211027.622799372
2006-07-01	76562.4926358109	63836.9056135913	20093.3841332478	17678.4522735484	51187.6292535088	3250.70627822621	2438.02970866966	16253.5313911311	18641.2965491613	9782.36396553252	33289.4357547955	65287.9574388862
2006-08-01	23038.7338525987	25306.5757188526	7464.67163511788	3890.83793341936	16283.8843084759	959.332167088967	719.499125316725	4796.66083544483	5570.29089940645	2792.31795800966	18168.3922428177	27927.3956685585
2006-09-01	21015.6830393634	23754.6820636622	6959.82005939793	2177.4486528	14939.9985189876	873.32597588674	654.994481915055	4366.6298794337	3668.22623232	2533.20149171576	17629.8886285676	26422.6592660171
2006-10-01	23660.7142482581	29335.3907803401	8743.23820068562	7229.22423329032	19551.2806284438	1165.71256199022	874.284421492664	5828.5628099511	4036.05379138065	3411.12543694978	20012.7193158339	31982.6434633919
2006-11-01	45343.125504	77857.6902378577	24793.3666448089	59908.3812864	64940.5237366368	4179.93077844294	3134.9480838322	20899.6538922147	90961.08254208	12653.9907849431	38340.82466442	78549.6791696694
2006-12-01	134324.668614194	195255.778233283	66475.7606490649	136848.244484595	204253.902216914	14202.8327588473	10652.1245691355	71014.1637942364	971619.57520351	44496.422712192	69194.4199059027	182158.213921048
2007-01-01	101730.022234839	158181.312258766	53063.520562955	125327.599153548	157388.336580689	10758.6503502722	8068.98776270412	53793.2517513608	228675.515458065	33451.4420200676	60286.6174618414	150147.528649979
2007-02-01	178512.343405714	133211.883481326	43837.3705125705	87639.6869485714	124194.556571111	8303.24994941623	6227.43746206217	41516.2497470812	80933.4596571429	25563.8697467061	55803.7692407775	129322.481970991
2007-03-01	367853.86628129	214939.176630119	73672.0288455861	165419.803416774	230039.422592248	16120.9639622901	12090.7229717176	80604.8198114507	309929.312503742	50680.7661307341	73683.4561037587	198944.189332813
2007-04-01	254443.43808	149466.403559861	49826.1755669212	114173.3376	145586.412067678	9879.93236793668	7409.94927595251	49399.6618396834	190564.27121664	30620.4774775126	58753.5336910272	142922.5275993
2007-05-01	222164.478348387	268807.180552258	43717.3106089649	124064.852562581	125790.914880057	8473.35948461612	6355.01961346209	42366.7974230806	191515.250935742	26174.6823801214	53550.5556373564	127162.133974486
2007-06-01	46631.6531712	86445.52704	16015.0976475952	40074.8414976	39172.1532866223	2439.16664474868	1829.37498356151	12195.8332237434	37527.96054528	7276.34424129223	29348.5560649776	53996.7493869652
2007-07-01	11419.9644820645	25641.6479628387	5807.06654054522	7679.07770632258	12179.2681092515	703.987198092354	527.990398569266	3519.93599046177	6547.34107416774	2031.84763596382	15582.0721256485	22516.777669771
2007-08-01	7560.69521341935	14008.5949935484	1837.92964752264	3788.23977290323	3219.05437329705	170.527668738601	127.895751553951	852.638343693004	3453.61192629677	473.488642956848	7710.46619998042	8395.12779628416
2007-09-01	6206.1364224	12575.3776128	1652.71142768679	4681.1068416	2832.3006461185	148.466695363679	111.350021522759	742.333476818393	2046.77782929747	410.310210400185	7318.14060672791	7700.03521628351
2007-10-01	38600.5848526452	66452.0393496774	12533.2227760238	38142.8392134193	29652.6610226435	1816.92070405309	1362.69052803982	9084.60352026545	81443.9982509419	5381.51395479188	24942.8331365003	43554.615808342
2007-11-01	34415.106048	69237.974016	13458.0755807206	47284.0722432	32032.9328420926	1968.49132353985	1476.36849265489	9842.45661769926	36414.6300772271	5837.98868309406	26386.7944717872	46513.5113985136
2007-12-01	70319.2007845161	96442.2708851613	25877.8307520991	58954.4814658064	68588.4985116478	4440.1093810844	3330.0820358133	22200.546905422	90436.646597347	13475.8715735579	38859.7249998667	81107.5456582481
2008-01-01	125090.834167742	100546.197305806	33658.6312988588	75054.5005006452	92961.6850247336	6139.05514625399	4604.29135969049	30695.2757312699	129735.796587889	18797.7693181218	45637.1864126474	101618.267340775
2008-02-01	169657.080231724	89342.0427475862	41747.1954555561	82508.5153986207	118018.219733391	7882.09152141016	5911.56864105762	39410.4576070508	170079.779015368	24255.98045376	53427.9155157428	123397.971515019
2008-03-01	242684.110451613	170944.319752258	56082.0393456127	101887.86555871	167789.254120033	11517.8374639222	8638.37809794169	57589.1873196112	261467.364025475	35878.6827828028	62361.2686275651	157443.335143555
2008-04-01	300275.877888	296606.020608	51191.6517055738	81960.14592	150210.990571903	10214.6848964719	7661.01367235395	51073.4244823597	265564.73668608	31686.7754483034	59733.0227844581	146275.040799452
2008-05-01	490637.965429599	267076.416818902	92948.5563330469	213853.15001154	300991.469395061	21468.1803901794	16101.1352926345	107340.901950897	704000.95488	68021.1338840543	84937.4609638117	242827.025480896
2008-06-01	195562.616832	420728.749056	45820.2100125859	118984.928256	132135.148579844	8910.29224474821	6682.71918356115	44551.461223741	184843.37147904	27537.5385811741	55817.8994921688	133009.84324963
2008-07-01	32129.0085739355	52956.4351587097	12245.5349048082	15160.8512578065	28866.8167054153	1765.65824575956	1324.24368431967	8828.29122879777	25816.0648357161	5225.59563376525	24591.1228023376	42695.8173792592
2008-08-01	11522.5626425806	16021.0973729032	3957.19409180421	1499.51157677419	7815.54415199459	438.808551928587	329.10641394644	2194.04275964293	6622.31665300645	1250.24944062539	12324.2535174125	16205.2948576523
2008-09-01	8603.776512	8669.0184192	3201.5722926043	530.090496	6085.40131783017	335.389240499937	251.541930374953	1676.94620249968	4587.3216	947.752820619468	10965.1766770038	13575.7984011828
2008-10-01	20267.0827850323	32444.6952216774	5704.74601072698	8491.97082425806	11931.3974904836	688.730936439665	516.548202329749	3443.65468219833	9641.07022203871	1986.62632277115	15413.5895405529	22176.1003758129
2008-11-01	103571.52768	122491.680768	15872.8171386422	45742.7321856	38769.9081079775	2412.48704260814	1809.36528195611	12062.4352130407	73459.12541184	7194.59492928033	29188.8276153425	53585.0864455826
2008-12-01	37487.7894193548	59743.6980851613	14829.8174025612	39839.6549450323	36023.2882476288	2235.60646071439	1676.70484553579	11178.0323035719	42115.757915543	6659.20894345477	27646.0558004955	50315.4476824102
2009-01-01	46011.3289083871	111516.308314839	23290.4078978933	68109.3942503226	60720.2881943897	3899.48998897834	2924.61749173375	19497.4499448917	78260.7315514196	11793.197325297	36435.1952518116	74101.2573652753
2009-02-01	84581.4725485714	127221.71904	27792.6870492931	53300.3081142857	73313.8582534106	4735.08386375138	3551.31289781353	23675.4193187569	96034.5605436882	14356.4372756082	42230.9055460227	87487.0559936387
2009-03-01	250655.198307097	273463.558606452	48180.461307444	83420.1966658064	140760.246310865	9551.83702968521	7163.8777722639	47759.185148426	212268.836460993	29602.8308195478	56830.5501424238	138217.611170147
2009-04-01	302640.897024	378892.376064	41454.8641965253	86445.52704	117686.20056154	7875.94680551744	5906.96010413808	39379.7340275872	170588.767106628	24258.9980807768	52502.8139644409	122065.842146686
2009-05-01	378823.977290323	194002.985133441	66019.4080258009	196909.546529032	202632.935067569	14082.7621543192	10562.0716157394	70413.8107715959	327090.490342086	44110.0249203391	68903.5379942598	181085.258811105
2009-06-01	140514.757632	186102.540288	28879.0096536361	59149.9441152	77471.1330036853	5044.4684603305	3783.35134524788	25222.3423016525	170486.07427584	15349.8074402458	42089.5511195635	89527.6950390671
2009-07-01	23526.5474229677	26067.8249372903	5569.69543510212	3417.30796180645	11605.3051103757	668.691868033562	501.518901025171	3343.45934016781	14602.0858913032	1927.26985930443	15189.4047197333	21725.1111417777
2009-08-01	9652.11925470968	11767.2197945806	2248.24109421039	678.726292645161	4063.97540925511	218.600973348136	163.950730011102	1093.00486674068	7385.48912392258	611.098906112543	8721.66334012947	9978.81498698882
2009-09-01	6931.95264	10267.4451456	1645.62971491082	1785.9972096	2818.26813739848	147.683039297132	110.762279472849	738.41519648566	5588.78487552	408.085489627379	7298.94809072213	7671.73110931199
2009-10-01	45885.0542492903	37053.7202787097	7323.9302276129	10914.8658456774	6277.82630915029	347.447118381615	260.585338786211	1737.23559190808	12864.2308954839	983.653776122722	10976.2194697265	13775.5194349489
2009-11-01	38329.62048	39552.90624	11172.676608	25729.777152	15165.3715093291	887.370675519424	665.528006639568	4436.85337759712	26789.958144	2575.06144371473	17770.0063114862	26717.6222563811
2009-12-01	52798.5918348387	43327.9924025806	14276.928644129	32357.8813935484	21956.226440884	1319.09539736478	989.321548023586	6595.4769868239	72663.174144	3873.00547947887	21278.6674279824	34855.4325997154
2010-01-01	214430.15547871	126906.032392258	45435.2007762581	97547.1741522581	117407.243505783	7872.9580535011	5904.71854012583	39364.7902675055	171153.93652933	24271.2595002184	51632.891307182	120822.583071602
2010-02-01	260035.601554286	96290.0648228571	24640.4703085714	63698.2370742857	105918.226630853	7007.85517818927	5255.89138364195	35039.2758909463	130358.573238857	21475.9540454535	51299.3676050538	114925.442049721
2010-03-01	381823.000443871	155633.517336774	35854.1110172903	71108.417403871	123664.56754347	8320.82439816237	6240.61829862177	41604.1219908118	172633.243317677	25690.7482518763	53070.0294890618	125564.859148988
2010-04-01	455633.169408	261212.285952	58228.402176	109687.95648	190820.113607505	13181.3180018857	9885.98850141431	65906.5900094287	263039.0593536	41175.1462465713	67789.2070692422	174672.11004614
2010-05-01	385582.758469102	221825.780794293	87208.4364387097	157527.637223226	239197.208884557	16805.6787380725	12604.2590535544	84028.3936903625	332094.461258323	52893.3934833212	75220.0906773963	204786.672918417
2010-06-01	540631.201429991	289982.242102232	118903.375872	237133.012794271	330675.691311562	23680.3039601847	17760.2279701385	118401.519800924	581331.414574343	75164.0123753076	90658.338491975	262582.457364123
2010-07-01	217034.570322581	85595.320529573	44653.8763230968	33589.0593197419	73593.1435203459	4786.12943934454	3589.5970795084	23930.6471967227	70066.6514663226	14555.8450227385	40333.9949206257	85455.3596166142
2010-08-01	32247.3910668387	32278.9597316129	4577.45639225806	2044.07104412903	12975.0440369876	753.102420581631	564.826815436224	3765.51210290816	11246.3368258065	2177.60984728284	16112.3367556949	23598.6396916295
2010-09-01	19751.9874048	17207.553024	4191.7925376	4346.7420672	11829.8571990306	681.021979174156	510.766484380617	3405.10989587078	8465.1374592	1962.02920831338	15583.0506363936	22223.6256677607
2010-10-01	64005.4678296774	45261.57312	13400.8981966452	31055.6739716129	35259.7928690214	2185.15360379448	1638.86520284586	10925.7680189724	41058.5348598444	6504.86971700631	27334.6908103636	49522.5712515342
2010-11-01	145978.76736	114173.3376	46297.2883968	91338.67008	86048.472864608	5641.66975685201	4231.25231763901	28208.34878426	117644.452041222	17219.5516761697	44492.389688166	96776.5108689192
2010-12-01	357199.44192	207413.102738435	71266.2607277419	149151.041186511	220110.843536042	15380.6366176873	11535.4774632655	76903.1830884367	360836.125886371	48291.3183897109	71984.5408607283	192541.545143246
2011-01-01	315765.569403871	199987.491344516	60217.2280567742	148994.106895	219909.685017293	15365.659459748	11524.244594811	76828.2972987401	360444.803881217	48243.0106786185	71949.7506533181	192411.061854122
2011-02-01	199570.333988571	146881.668754286	33902.4910628571	104241.422262857	125366.334752743	8386.75177040863	6290.06382780647	41933.7588520431	181525.417288414	25828.0083816342	56081.5303505677	130226.07121928
2011-03-01	502494.221543226	201881.611230968	51693.6885677419	163920.29184	247664.484699602	17440.2974028263	13080.2230521197	87201.4870141316	415048.437923462	54946.3389646306	76616.3720997677	210137.3472852
2011-04-01	703307.759616	268724.868999254	76903.898112	192382.073856	300936.786645122	21417.9445702087	16063.4584276565	107089.722851043	519820.156331753	67796.9025956982	86251.9182267749	244861.425260138
2011-05-01	690959.150245161	233153.560996659	101493.257249032	224374.284882581	254407.773136589	17946.7247056415	13460.0435292311	89733.6235282074	428493.59612935	56586.0623132541	77712.341157729	214364.80520214
2011-06-01	529230.744450647	285259.42787701	150301.043712	231647.776914285	324022.244048984	23172.9459031582	17379.7094273687	115864.729515791	567476.262010053	73510.1194551053	89689.2707433977	258654.831754856
2011-07-01	290589.559246452	143933.539647767	88471.1830296774	140954.088216774	140032.886332448	9499.25301562225	7124.43976171669	47496.2650781113	210967.738322553	29435.4269653277	56675.0938495139	137687.696993017
2011-08-01	49720.6470193548	63453.016196129	14387.4189708387	10244.0317192258	27585.9671101349	1682.30239277649	1261.72679458237	8411.51196388245	30683.4683127524	4972.3284239818	24008.0502691247	41282.9610197667
2011-09-01	21807.1074816	23560.4837376	4974.695424	1614.7372032	18879.0974712759	1120.6455366545	840.484152490877	5603.22768327251	19443.5936865818	3272.79040408154	19951.8845676343	31429.0050189663
