# SWBM Ditch Input File
# Ditch 1 - Farmer's Ditch
# Ditch 2 - SVID Ditch
# Created by Leland Scantlebury 9/12/2022
# nditches conversion_factor (cfs to m3/day)
  2 2446.58
# ncells for each ditch
  161 234
# SFR Diversion points for each ditch (segment iupseg)
  31  3
  32 10
# Mannings coefficients (ROUGHCH) and stream widths (AWDTH, BWDTH) for each ditch
  0.035 2.0 2.0
  0.035 2.0 2.0
# Schedule - WYMonth (Diversion_Rate Leakage_rate) by ditch, total (to be divided by cell)
#       D1    D1    D2    D2
  10  10.0   5.0   7.0   5.0
  11  10.0   5.0   7.0   5.0
  12  10.0   5.0   7.0   5.0
  01  10.0   5.0   7.0   5.0
  02  10.0   5.0   7.0   5.0
  03  10.0   5.0   7.0   5.0
  04  36.0  18.0  30.0   6.0
  05  36.0  18.0  30.0   6.0
  06  10.0   5.0  10.0   2.0
  07  10.0   5.0  10.0   2.0
  08   0.0   0.0   0.0   0.0
  09   0.0   0.0   0.0   0.0
# Ditch Row/Col for Well Package (Leakage as Injection)
# Farmer's Ditch - lay row col
         1       306       161
         1       306       162
         1       307       156
         1       307       158
         1       307       159
         1       307       160
         1       307       161
         1       307       162
         1       308       155
         1       308       156
         1       308       157
         1       308       158
         1       308       161
         1       309       154
         1       309       155
         1       309       159
         1       309       160
         1       309       161
         1       310       152
         1       310       153
         1       310       154
         1       310       158
         1       311       151
         1       311       157
         1       312       150
         1       312       156
         1       313       149
         1       313       150
         1       313       156
         1       314       148
         1       314       155
         1       315       146
         1       315       147
         1       315       154
         1       316       154
         1       317       155
         1       318       155
         1       319       154
         1       320       153
         1       321       154
         1       321       155
         1       322       151
         1       322       154
         1       322       155
         1       323       150
         1       323       152
         1       323       153
         1       323       154
         1       324       150
         1       324       152
         1       324       153
         1       325       150
         1       281       130
         1       282       131
         1       283       132
         1       284       133
         1       285       134
         1       286       134
         1       286       135
         1       287       136
         1       288       137
         1       289       137
         1       290       135
         1       290       136
         1       291       134
         1       292       134
         1       294       134
         1       295       134
         1       296       134
         1       297       134
         1       298       135
         1       299       136
         1       299       137
         1       299       138
         1       299       139
         1       300       139
         1       301       139
         1       302       139
         1       303       138
         1       304       138
         1       305       138
         1       306       138
         1       307       138
         1       307       140
         1       308       140
         1       309       141
         1       309       142
         1       310       142
         1       311       142
         1       312       142
         1       313       142
         1       314       143
         1       315       144
         1       315       145
         1       326       149
         1       327       149
         1       328       149
         1       329       149
         1       330       150
         1       331       150
         1       332       151
         1       333       151
         1       334       151
         1       335       151
         1       336       151
         1       337       151
         1       337       152
         1       338       151
         1       338       152
         1       339       151
         1       340       151
         1       340       152
         1       341       151
         1       342       151
         1       343       151
         1       344       151
         1       345       151
         1       346       151
         1       347       152
         1       348       151
         1       348       152
         1       349       150
         1       349       151
         1       350       150
         1       351       150
         1       352       150
         1       353       149
         1       353       150
         1       354       150
         1       355       150
         1       356       149
         1       356       150
         1       357       149
         1       358       149
         1       359       149
         1       360       149
         1       361       149
         1       362       149
         1       363       148
         1       364       148
         1       365       148
         1       366       149
         1       367       149
         1       368       149
         1       369       149
         1       370       149
         1       371       149
         1       372       149
         1       373       149
         1       374       149
         1       374       150
         1       375       149
         1       376       148
         1       376       149
         1       377       148
         1       378       148
         1       379       148
         1       380       148
         1       381       147
         1       381       148
         1       382       147
# Ditch Row/Col for Well Package
# SVID - lay row col
         1       122       140
         1       122       141
         1       123       137
         1       123       139
         1       123       141
         1       123       142
         1       124       143
         1       125       143
         1       125       144
         1       126       144
         1       127       144
         1       128       144
         1       129       144
         1       129       145
         1       129       146
         1       130       146
         1       130       147
         1       131       147
         1       131       148
         1       131       149
         1       131       150
         1       131       151
         1       132       151
         1       133       151
         1       134       151
         1       134       152
         1       135       152
         1       136       152
         1       136       153
         1       137       153
         1       138       153
         1       139       153
         1       139       154
         1       140       154
         1       140       155
         1       141       155
         1       141       156
         1       142       155
         1       142       156
         1       143       152
         1       143       153
         1       143       154
         1       144       151
         1       145       146
         1       145       147
         1       145       151
         1       146       148
         1       146       149
         1       146       150
         1       117       137
         1       118       137
         1       119       137
         1       120       137
         1       121       137
         1       146       145
         1       147       145
         1       148       144
         1       149       145
         1       150       145
         1       151       145
         1       152       146
         1       153       146
         1       153       147
         1       154       147
         1       154       148
         1       155       147
         1       155       148
         1       156       146
         1       156       147
         1       157       146
         1       158       145
         1       158       146
         1       159       145
         1       160       145
         1       161       145
         1       162       145
         1       163       144
         1       163       145
         1       164       143
         1       165       142
         1       166       142
         1       202       134
         1       202       135
         1       203       136
         1       203       137
         1       204       137
         1       204       138
         1       205       139
         1       206       139
         1       207       139
         1       208       139
         1       209       139
         1       210       139
         1       211       139
         1       212       139
         1       213       139
         1       214       136
         1       214       137
         1       214       138
         1       215       136
         1       216       135
         1       217       135
         1       218       135
         1       219       135
         1       167       143
         1       168       143
         1       168       144
         1       169       143
         1       170       138
         1       170       139
         1       170       140
         1       170       142
         1       170       143
         1       171       137
         1       171       141
         1       171       142
         1       172       136
         1       173       135
         1       174       134
         1       175       134
         1       176       133
         1       177       132
         1       178       131
         1       179       131
         1       180       131
         1       181       132
         1       182       132
         1       183       133
         1       184       133
         1       185       134
         1       186       134
         1       187       134
         1       188       134
         1       189       134
         1       190       134
         1       191       134
         1       192       134
         1       193       134
         1       194       134
         1       195       134
         1       196       134
         1       197       133
         1       198       133
         1       199       133
         1       200       133
         1       201       133
         1       220       134
         1       221       134
         1       222       134
         1       223       134
         1       224       134
         1       225       133
         1       226       133
         1       227       133
         1       228       131
         1       228       132
         1       229       130
         1       231       138
         1       232       137
         1       232       138
         1       233       131
         1       233       134
         1       233       135
         1       233       136
         1       233       138
         1       233       139
         1       234       132
         1       234       133
         1       234       134
         1       234       139
         1       235       139
         1       236       139
         1       237       139
         1       237       140
         1       238       140
         1       238       141
         1       239       141
         1       240       141
         1       241       140
         1       241       141
         1       242       140
         1       243       138
         1       243       139
         1       243       140
         1       244       137
         1       245       136
         1       246       137
         1       247       138
         1       248       139
         1       249       136
         1       249       137
         1       249       138
         1       249       139
         1       250       135
         1       251       135
         1       252       135
         1       253       135
         1       254       135
         1       255       128
         1       255       129
         1       255       130
         1       255       134
         1       256       127
         1       256       128
         1       256       131
         1       256       132
         1       256       133
         1       256       134
         1       257       127
         1       258       127
         1       259       128
         1       260       129
         1       261       129
         1       262       128
         1       263       127
         1       264       127
         1       265       127
         1       266       128
         1       267       128
         1       268       128
         1       269       129
         1       270       129
         1       271       129
         1       272       129
         1       272       130
         1       273       130
         1       274       130
         1       275       130
         1       275       131
         1       276       131
         1       277       130
         1       277       131
         1       278       130
         1       279       130
