row column SubId
332	135	5
333	135	5
334	136	5
335	136	5
336	137	5
337	137	5
338	138	5
339	138	5
340	139	5
341	140	5
342	141	5
343	141	5
344	141	5
345	141	5
346	141	5
347	141	5
348	141	5
349	141	5
350	141	5
351	141	5
352	141	5
353	141	5
354	141	5
355	141	5
356	141	5
357	141	5
358	142	5
359	143	5
360	143	5
361	143	5
362	143	5
363	143	5
364	143	5
365	143	5
366	143	5
367	143	5
368	143	5
369	143	5
370	143	5
371	143	5
372	143	5
373	143	5
374	143	5
375	143	5
376	143	5
377	143	5
378	143	5
379	143	5
380	143	5
381	143	5
382	144	5
383	144	5
384	144	5
385	144	5
386	145	5
387	145	5
388	145	5
389	145	5
390	146	5
391	146	5
392	146	5
393	147	5
394	147	5
395	148	5
396	148	5
397	149	5
398	150	5
399	150	5
400	151	5
401	152	5
402	152	5
403	153	5
404	154	5
404	155	5
404	156	5
405	157	5
406	157	5
407	157	5
408	157	5
408	158	5
409	159	5
410	159	5
410	160	5
411	161	5
412	161	5
413	161	5
414	161	5
415	161	5
416	162	5
417	162	5
418	163	5
419	163	5
420	163	5
421	163	5
422	162	5
423	163	5
423	164	5
424	165	5
425	166	5
426	167	5
427	168	5
427	174	5
427	175	5
427	176	5
428	168	5
428	169	5
428	172	5
428	173	5
428	177	5
428	178	5
428	179	5
428	180	5
428	181	5
428	182	5
428	183	5
429	170	5
429	171	5
307	114	6
308	114	6
309	114	6
310	114	6
311	114	6
312	108	6
312	109	6
312	110	6
312	111	6
312	112	6
312	113	6
313	107	6
313	108	6
313	109	6
313	110	6
314	111	6
315	112	6
315	122	6
315	123	6
315	124	6
315	125	6
315	126	6
315	127	6
316	112	6
316	118	6
316	119	6
316	120	6
316	121	6
316	128	6
317	112	6
317	116	6
317	117	6
317	118	6
317	129	6
318	112	6
318	115	6
318	130	6
319	111	6
319	115	6
319	130	6
320	111	6
320	115	6
320	131	6
321	111	6
321	115	6
321	131	6
322	110	6
322	115	6
322	130	6
323	110	6
323	115	6
323	128	6
323	129	6
324	109	6
324	115	6
324	130	6
325	109	6
325	115	6
325	130	6
326	109	6
326	113	6
326	114	6
326	115	6
326	130	6
327	108	6
327	112	6
327	129	6
327	130	6
328	108	6
328	112	6
328	128	6
328	129	6
328	131	6
329	108	6
329	113	6
329	128	6
329	129	6
329	131	6
329	132	6
329	133	6
330	107	6
330	114	6
330	128	6
330	134	6
331	107	6
331	113	6
331	134	6
332	107	6
332	112	6
333	107	6
333	112	6
334	107	6
334	111	6
335	106	6
335	111	6
336	106	6
336	111	6
337	107	6
337	110	6
338	107	6
338	110	6
339	108	6
339	110	6
340	109	6
341	109	6
260	105	7
260	106	7
261	103	7
261	104	7
261	105	7
262	86	7
262	87	7
262	88	7
262	100	7
262	101	7
262	102	7
263	85	7
263	86	7
263	88	7
263	97	7
263	98	7
263	99	7
264	85	7
264	88	7
264	95	7
264	96	7
264	97	7
265	84	7
265	88	7
265	95	7
266	83	7
266	88	7
266	94	7
267	83	7
267	87	7
267	92	7
267	93	7
268	86	7
268	91	7
269	85	7
269	90	7
270	83	7
270	84	7
270	89	7
270	90	7
271	82	7
271	89	7
272	81	7
272	88	7
273	80	7
273	87	7
273	88	7
274	80	7
274	87	7
275	79	7
275	87	7
276	79	7
276	86	7
276	87	7
277	79	7
277	86	7
278	79	7
278	86	7
279	78	7
279	85	7
280	78	7
280	81	7
280	82	7
280	83	7
280	84	7
281	78	7
281	79	7
281	80	7
261	107	7
261	108	7
262	108	7
263	108	7
264	107	7
265	107	7
266	107	7
267	107	7
268	107	7
269	107	7
270	108	7
271	108	7
272	102	7
272	103	7
272	108	7
273	101	7
273	104	7
273	105	7
273	106	7
273	107	7
273	108	7
274	101	7
275	100	7
275	104	7
275	105	7
275	106	7
275	107	7
275	108	7
275	109	7
276	100	7
276	101	7
276	102	7
276	103	7
276	104	7
276	110	7
277	110	7
278	110	7
279	110	7
280	109	7
281	108	7
282	108	7
283	106	7
283	107	7
283	108	7
284	106	7
285	106	7
286	107	7
287	107	7
287	108	7
287	109	7
287	110	7
288	111	7
288	112	7
289	113	7
290	113	7
291	113	7
292	114	7
293	114	7
294	114	7
295	115	7
296	115	7
297	97	7
297	98	7
297	99	7
297	100	7
297	115	7
298	97	7
298	101	7
298	115	7
299	98	7
299	102	7
299	103	7
299	115	7
300	98	7
300	103	7
300	104	7
300	115	7
301	99	7
301	100	7
301	104	7
301	114	7
302	101	7
302	102	7
302	105	7
302	113	7
303	103	7
303	104	7
303	105	7
303	106	7
303	107	7
303	112	7
303	113	7
304	106	7
304	107	7
304	108	7
304	109	7
304	110	7
304	111	7
304	112	7
304	113	7
304	114	7
305	114	7
306	114	7
307	114	7
169	58	8
169	59	8
169	60	8
169	61	8
170	56	8
170	57	8
171	54	8
171	55	8
172	53	8
173	51	8
173	52	8
174	50	8
175	49	8
176	47	8
176	48	8
177	47	8
178	35	8
178	36	8
178	37	8
178	38	8
178	39	8
178	40	8
178	41	8
178	42	8
178	43	8
178	44	8
178	47	8
179	44	8
179	45	8
179	46	8
179	47	8
182	60	8
183	60	8
184	60	8
185	61	8
186	62	8
186	63	8
187	64	8
188	65	8
189	65	8
190	66	8
191	65	8
192	65	8
193	65	8
194	65	8
195	65	8
196	65	8
197	65	8
198	64	8
199	64	8
200	61	8
200	62	8
200	63	8
201	58	8
201	59	8
201	60	8
202	59	8
203	60	8
204	60	8
205	61	8
205	62	8
206	63	8
207	64	8
207	65	8
208	66	8
208	67	8
208	68	8
208	69	8
208	70	8
208	71	8
208	72	8
208	73	8
208	74	8
209	75	8
210	75	8
211	75	8
212	75	8
213	74	8
214	73	8
215	73	8
216	73	8
217	73	8
218	74	8
219	74	8
220	74	8
221	74	8
222	75	8
223	75	8
223	77	8
223	78	8
223	79	8
224	75	8
224	76	8
224	80	8
225	80	8
226	81	8
227	82	8
228	82	8
229	83	8
230	83	8
231	83	8
168	62	8
169	63	8
170	63	8
171	63	8
172	63	8
173	63	8
174	63	8
175	63	8
176	63	8
177	63	8
178	62	8
179	62	8
180	61	8
181	60	8
232	83	8
233	82	8
234	82	8
235	82	8
236	82	8
237	82	8
238	82	8
239	82	8
240	82	8
241	82	8
242	83	8
243	83	8
244	83	8
245	83	8
246	82	8
247	82	8
248	82	8
249	82	8
250	83	8
251	83	8
252	82	8
253	82	8
254	82	8
255	83	8
256	84	8
257	84	8
258	84	8
259	83	8
260	83	8
261	82	8
262	82	8
263	82	8
264	82	8
265	83	8
73	30	9
78	82	9
79	81	9
80	80	9
81	80	9
82	80	9
83	80	9
84	79	9
85	79	9
85	89	9
86	78	9
86	89	9
87	78	9
87	90	9
88	78	9
88	91	9
89	77	9
89	92	9
89	93	9
90	76	9
90	92	9
91	75	9
91	91	9
92	76	9
92	91	9
93	76	9
93	90	9
94	76	9
94	89	9
95	76	9
95	89	9
96	75	9
96	89	9
97	75	9
97	88	9
98	74	9
98	88	9
99	74	9
99	87	9
99	88	9
100	75	9
100	85	9
100	86	9
100	88	9
101	75	9
101	84	9
102	75	9
102	83	9
103	74	9
103	83	9
104	74	9
104	81	9
104	82	9
104	83	9
105	73	9
105	80	9
106	72	9
106	79	9
107	72	9
107	79	9
107	82	9
108	71	9
108	79	9
108	82	9
109	70	9
109	80	9
109	81	9
109	82	9
110	70	9
110	83	9
111	70	9
111	75	9
111	76	9
111	77	9
111	84	9
112	70	9
112	74	9
112	78	9
112	83	9
113	70	9
113	74	9
113	79	9
113	83	9
114	71	9
114	74	9
114	79	9
114	83	9
115	66	9
115	67	9
115	68	9
115	69	9
115	70	9
115	71	9
115	72	9
115	73	9
115	79	9
115	82	9
103	120	9
104	120	9
105	119	9
106	118	9
107	118	9
108	117	9
109	116	9
110	115	9
111	115	9
111	116	9
111	117	9
111	118	9
112	119	9
113	119	9
114	119	9
115	119	9
68	68	9
68	69	9
69	67	9
69	70	9
70	67	9
70	70	9
71	67	9
71	70	9
72	31	9
72	32	9
72	33	9
72	66	9
72	71	9
73	34	9
73	35	9
73	36	9
73	37	9
73	63	9
73	64	9
73	65	9
73	72	9
73	73	9
74	38	9
74	39	9
74	40	9
74	41	9
74	52	9
74	60	9
74	61	9
74	62	9
74	74	9
74	75	9
75	42	9
75	43	9
75	51	9
75	53	9
75	59	9
75	76	9
75	77	9
75	78	9
75	79	9
75	80	9
75	81	9
75	82	9
76	44	9
76	45	9
76	46	9
76	49	9
76	50	9
76	53	9
76	58	9
76	83	9
77	47	9
77	48	9
77	53	9
77	57	9
77	83	9
78	52	9
78	57	9
79	52	9
79	56	9
80	53	9
80	54	9
80	55	9
81	55	9
83	90	9
83	91	9
83	92	9
83	93	9
83	99	9
83	100	9
83	101	9
84	90	9
84	94	9
84	96	9
84	97	9
84	98	9
84	102	9
85	95	9
85	102	9
86	103	9
86	104	9
86	105	9
86	106	9
86	107	9
87	108	9
88	108	9
88	109	9
88	110	9
88	111	9
89	108	9
89	112	9
90	113	9
91	114	9
92	115	9
93	116	9
94	116	9
95	116	9
96	116	9
97	116	9
97	117	9
98	118	9
99	119	9
100	120	9
101	120	9
102	120	9
116	68	9
116	69	9
116	70	9
116	71	9
116	78	9
116	82	9
117	76	9
117	77	9
117	78	9
117	82	9
118	76	9
118	81	9
119	75	9
119	81	9
120	75	9
120	81	9
121	73	9
121	74	9
121	80	9
122	70	9
122	71	9
122	72	9
122	80	9
123	67	9
123	68	9
123	69	9
123	78	9
123	79	9
124	67	9
124	77	9
125	67	9
125	76	9
126	67	9
126	75	9
127	67	9
127	75	9
128	66	9
128	75	9
129	66	9
129	75	9
130	66	9
130	75	9
131	66	9
131	75	9
132	66	9
132	75	9
133	66	9
133	75	9
134	65	9
134	75	9
135	65	9
135	75	9
136	65	9
136	76	9
137	65	9
137	75	9
137	76	9
138	63	9
138	64	9
138	74	9
139	60	9
139	61	9
139	62	9
139	63	9
139	74	9
140	60	9
140	73	9
141	60	9
141	73	9
142	59	9
142	73	9
143	59	9
143	73	9
144	59	9
144	72	9
145	59	9
145	72	9
146	59	9
146	72	9
147	59	9
147	72	9
148	59	9
148	71	9
149	58	9
149	71	9
150	58	9
150	71	9
151	57	9
151	71	9
152	57	9
152	71	9
153	56	9
154	55	9
155	55	9
156	54	9
157	53	9
158	52	9
159	48	9
159	49	9
159	50	9
159	51	9
160	47	9
161	46	9
162	45	9
163	43	9
163	44	9
164	42	9
165	41	9
166	41	9
167	40	9
116	118	9
117	118	9
118	118	9
119	116	9
119	117	9
120	116	9
121	115	9
122	112	9
122	113	9
122	114	9
123	111	9
124	109	9
124	110	9
125	108	9
126	107	9
127	106	9
128	105	9
129	104	9
130	103	9
131	102	9
132	101	9
133	100	9
134	99	9
135	98	9
136	97	9
137	96	9
138	95	9
139	94	9
140	93	9
141	92	9
142	91	9
143	90	9
144	89	9
145	89	9
146	88	9
147	87	9
148	86	9
149	84	9
149	85	9
150	83	9
150	84	9
150	85	9
151	86	9
152	85	9
153	71	9
153	82	9
153	83	9
153	84	9
154	72	9
154	79	9
154	80	9
154	81	9
155	73	9
155	74	9
155	75	9
155	76	9
155	77	9
155	78	9
168	39	9
169	37	9
169	38	9
170	36	9
171	35	9
172	34	9
173	33	9
174	33	9
175	33	9
176	33	9
177	33	9
178	33	9
178	34	9
73	30	10
74	30	10
75	31	10
76	32	10
77	31	10
78	31	10
79	30	10
80	30	10
81	31	10
82	32	10
83	32	10
84	32	10
85	33	10
86	33	10
87	33	10
88	33	10
89	32	10
90	31	10
91	31	10
92	31	10
93	31	10
93	32	10
94	33	10
95	34	10
95	35	10
96	35	10
97	35	10
98	36	10
99	37	10
100	37	10
101	36	10
102	35	10
103	35	10
104	35	10
105	33	10
105	34	10
106	32	10
106	34	10
107	32	10
108	32	10
109	32	10
110	33	10
111	8	10
111	33	10
112	9	10
112	34	10
112	35	10
112	36	10
112	37	10
113	9	10
113	37	10
114	9	10
114	37	10
115	10	10
115	37	10
116	11	10
116	12	10
116	13	10
116	37	10
117	14	10
117	36	10
118	15	10
118	36	10
119	16	10
119	35	10
120	17	10
120	35	10
121	17	10
121	35	10
122	18	10
122	34	10
123	19	10
123	34	10
124	19	10
124	34	10
125	19	10
125	20	10
125	34	10
126	20	10
126	34	10
126	38	10
127	20	10
127	34	10
127	38	10
127	39	10
128	20	10
128	35	10
128	38	10
128	39	10
129	20	10
129	35	10
129	38	10
129	39	10
129	44	10
129	45	10
129	46	10
129	47	10
130	19	10
130	36	10
130	37	10
130	38	10
130	40	10
130	43	10
130	48	10
131	19	10
131	41	10
131	42	10
131	48	10
132	18	10
132	49	10
133	17	10
133	49	10
134	16	10
134	50	10
135	15	10
135	50	10
136	14	10
136	48	10
136	50	10
137	14	10
137	44	10
137	45	10
137	46	10
137	47	10
137	49	10
137	50	10
138	14	10
138	43	10
138	49	10
139	14	10
139	42	10
140	14	10
140	40	10
140	41	10
140	42	10
141	14	10
141	38	10
141	39	10
141	40	10
142	14	10
142	37	10
143	14	10
143	36	10
144	14	10
144	15	10
144	34	10
144	35	10
144	36	10
145	16	10
145	17	10
145	34	10
146	18	10
146	34	10
147	19	10
147	33	10
148	20	10
148	33	10
149	21	10
149	32	10
150	21	10
150	32	10
151	21	10
151	32	10
152	22	10
152	32	10
153	22	10
153	31	10
154	23	10
154	24	10
154	25	10
154	31	10
155	26	10
155	30	10
156	27	10
156	29	10
157	27	10
157	29	10
158	27	10
158	29	10
159	26	10
159	29	10
160	26	10
160	29	10
161	26	10
161	29	10
162	26	10
162	29	10
163	26	10
163	28	10
164	26	10
164	28	10
165	26	10
165	27	10
86	10	11
87	11	11
88	12	11
89	12	11
90	10	11
90	11	11
90	12	11
91	9	11
92	8	11
93	8	11
94	8	11
95	7	11
96	7	11
97	7	11
98	7	11
99	7	11
100	7	11
101	7	11
102	7	11
103	7	11
104	7	11
105	7	11
106	7	11
107	7	11
108	8	11
109	8	11
110	8	11