# MODFLOW2000 Head Observation File
# Groundwater Vistas also writes drawdown targets here
  2197  0  0 500 -999
  1.0  1.0
A2 1  239  139  -39  0.0  0.250000  0.250000  0.000000  1.000000  1  1
A4 1  77  182  -17  0.0  -0.324200  0.250000  0.000000  1.000000  1  1
A4_1 1  207  90  -30  0.0  -0.250000  0.250000  0.000000  1.000000  1  1
B3 1  152  93  -55  0.0  -0.250000  -0.382400  0.000000  1.000000  1  1
B9 1  187  68  -16  0.0  0.250000  -0.250000  0.000000  1.000000  1  1
C11 1  124  136  -35  0.0  -0.250000  0.250000  0.000000  1.000000  1  1
C12 1  225  119  -3  0.0  -0.250000  0.250000  0.000000  1.000000  1  1
C26 1  154  69  -51  0.0  -0.250000  -0.250000  0.000000  1.000000  1  1
D16 1  227  122  -55  0.0  0.250000  0.250000  0.000000  1.000000  1  1
D31 1  213  102  -63  0.0  0.250000  -0.250000  0.000000  1.000000  1  1
D40 1  308  119  -65  0.0  -0.250000  -0.250000  0.000000  1.000000  1  1
E3 1  340  143  -63  0.0  -0.250000  0.250000  0.000000  1.000000  1  1
E71 1  199  88  -23  0.0  -0.250000  -0.250000  0.000000  1.000000  1  1
F56 1  201  72  -59  0.0  -0.250000  0.250000  0.000000  1.000000  1  1
F6 1  68  91  -37  0.0  0.250000  -0.250000  0.000000  1.000000  1  1
G11 1  177  122  -5  0.0  0.250000  -0.250000  0.000000  1.000000  1  1
G31 1  231  149  -65  0.0  0.250000  -0.250000  0.000000  1.000000  1  1
G40 1  50  144  -25  0.0  0.250000  -0.250000  0.000000  1.000000  1  1
H6 1  188  116  -46  0.0  -0.250000  0.250000  0.000000  1.000000  1  1
I16 1  177  119  -65  0.0  -0.250000  -0.250000  0.000000  1.000000  1  1
K11 1  227  111  -16  0.0  0.250000  0.250000  0.000000  1.000000  1  1
K12 1  96  124  -37  0.0  0.250000  -0.250000  0.000000  1.000000  1  1
K22 1  279  129  -64  0.0  0.250000  0.250000  0.000000  1.000000  1  1
K9 1  210  137  -49  0.0  -0.250000  0.250000  0.000000  1.000000  1  1
L18 1  210  143  -65  0.0  0.250000  -0.250000  0.000000  1.000000  1  1
L31 1  233  107  -64  0.0  -0.250000  -0.250000  0.000000  1.000000  1  1
L32 1  172  63  -26  0.0  0.250000  0.250000  0.000000  1.000000  1  1
M10 1  303  133  -65  0.0  0.250000  0.250000  0.000000  1.000000  1  1
M12 1  270  121  -53  0.0  -0.250000  0.250000  0.000000  1.000000  1  1
M2 1  137  166  -39  0.0  0.250000  -0.250000  0.000000  1.000000  1  1
N15 1  36  139  -14  0.0  -0.250000  -0.250000  0.000000  1.000000  1  1
N2 1  213  118  -58  0.0  -0.250000  0.250000  0.000000  1.000000  1  1
O32 1  149  117  -62  0.0  -0.250000  -0.250000  0.000000  1.000000  1  1
P18 1  134  160  -35  0.0  -0.250000  -0.250000  0.000000  1.000000  1  1
P23 1  74  191  -19  0.0  0.250000  -0.250000  0.000000  1.000000  1  1
P43 1  312  154  -62  0.0  0.250000  0.250000  0.000000  1.000000  1  1
Q32 1  165  137  -65  0.0  0.250000  -0.250000  0.000000  1.000000  1  1
R18 1  236  93  -57  0.0  -0.250000  0.250000  0.000000  1.000000  1  1
R24 1  242  130  -63  0.0  0.250000  0.250000  0.000000  1.000000  1  1
S19 1  133  141  -63  0.0  0.250000  0.250000  0.000000  1.000000  1  1
S21 1  274  114  -65  0.0  0.250000  -0.250000  0.000000  1.000000  1  1
S42 1  122  134  -35  0.0  0.250000  -0.250000  0.000000  1.000000  1  1
V87 1  208  139  -31  0.0  -0.250000  -0.250000  0.000000  1.000000  1  1
W10 1  331  112  -64  0.0  0.250000  0.250000  0.000000  1.000000  1  1
Z36 1  275  79  -32  0.0  0.250000  -0.250000  0.000000  1.000000  1  1
DWR_1 1  97  124  -16  0.0  -0.250000  -0.250000  0.000000  1.000000  1  1
DWR_2 1  68  142  -27  0.0  0.250000  0.250000  0.000000  1.000000  1  1
DWR_3 1  101  124  -43  0.0  -0.250000  0.250000  0.000000  1.000000  1  1
DWR_4 1  137  124  -44  0.0  0.250000  0.250000  0.000000  1.000000  1  1
DWR_5 1  139  143  -47  0.0  -0.250000  0.250000  0.000000  1.000000  1  1
  1
DWR_51 37  17.000000  829.308984  1.000000  1.000000  1  1
DWR_52 43  1.000000  830.345304  1.000000  1.000000  1  1
DWR_53 49  27.000000  827.784984  1.000000  1.000000  1  1
DWR_54 55  0.000000  832.113144  1.000000  1.000000  1  1
DWR_55 61  18.000000  830.954904  1.000000  1.000000  1  1
DWR_56 66  29.000000  831.625464  1.000000  1.000000  1  1
DWR_57 73  24.000000  830.893944  1.000000  1.000000  1  1
DWR_58 78  13.000000  833.393304  1.000000  1.000000  1  1
DWR_59 85  23.000000  831.412104  1.000000  1.000000  1  1
DWR_510 91  1.000000  833.820024  1.000000  1.000000  1  1
DWR_511 97  27.000000  831.046344  1.000000  1.000000  1  1
DWR_512 102  16.000000  833.454264  1.000000  1.000000  1  1
DWR_513 109  26.000000  830.985384  1.000000  1.000000  1  1
DWR_514 114  24.000000  831.594984  1.000000  1.000000  1  1
DWR_515 121  10.000000  830.192904  1.000000  1.000000  1  1
DWR_516 126  29.000000  829.888104  1.000000  1.000000  1  1
DWR_517 133  29.000000  827.449704  1.000000  1.000000  1  1
DWR_518 138  27.000000  830.223384  1.000000  1.000000  1  1
DWR_519 142  16.000000  829.126104  1.000000  1.000000  1  1
DWR_520 143  14.000000  824.676024  1.000000  1.000000  1  1
DWR_521 144  19.000000  827.967864  1.000000  1.000000  1  1
DWR_522 145  9.000000  828.211704  1.000000  1.000000  1  1
DWR_523 150  24.000000  831.930264  1.000000  1.000000  1  1
DWR_524 152  7.000000  831.930264  1.000000  1.000000  1  1
DWR_525 153  6.000000  830.985384  1.000000  1.000000  1  1
DWR_526 154  2.000000  826.901064  1.000000  1.000000  1  1
DWR_527 155  12.000000  830.436744  1.000000  1.000000  1  1
DWR_528 156  5.000000  827.053464  1.000000  1.000000  1  1
DWR_529 157  6.000000  830.406264  1.000000  1.000000  1  1
DWR_530 158  5.000000  830.802504  1.000000  1.000000  1  1
DWR_531 162  29.000000  830.985384  1.000000  1.000000  1  1
DWR_532 166  21.000000  829.827144  1.000000  1.000000  1  1
DWR_533 167  11.000000  829.126104  1.000000  1.000000  1  1
DWR_534 169  28.000000  829.187064  1.000000  1.000000  1  1
DWR_535 175  6.000000  829.949064  1.000000  1.000000  1  1
DWR_536 181  17.000000  829.126104  1.000000  1.000000  1  1
DWR_537 187  19.000000  833.423784  1.000000  1.000000  1  1
DWR_538 193  17.000000  831.412104  1.000000  1.000000  1  1
DWR_539 198  26.000000  831.046344  1.000000  1.000000  1  1
DWR_540 205  24.000000  829.065144  1.000000  1.000000  1  1
DWR_541 211  3.000000  831.412104  1.000000  1.000000  1  1
DWR_542 217  28.000000  828.851784  1.000000  1.000000  1  1
DWR_543 223  6.000000  829.430904  1.000000  1.000000  1  1
DWR_544 229  28.000000  827.358264  1.000000  1.000000  1  1
DWR_545 235  0.000000  829.796664  1.000000  1.000000  1  1
DWR_546 241  27.000000  828.790824  1.000000  1.000000  1  1
DWR_547 247  22.000000  830.436744  1.000000  1.000000  1  1
