layer	row	column	UTM_E	UTM_N
2	136	144	514327	4601780
2	136	148	514727	4601780
2	136	152	515127	4601780
2	136	156	515527	4601780
2	136	160	515927	4601780
2	136	164	516327	4601780
2	136	168	516727	4601780
2	140	144	514327	4601380
2	140	148	514727	4601380
2	140	152	515127	4601380
2	140	156	515527	4601380
2	144	148	514727	4600980
2	132	20	501927	4602180
2	132	24	502327	4602180
2	132	28	502727	4602180
2	132	32	503127	4602180
2	132	36	503527	4602180
2	136	16	501527	4601780
2	136	20	501927	4601780
2	136	24	502327	4601780
2	136	28	502727	4601780
2	136	32	503127	4601780
2	136	36	503527	4601780
2	136	40	503927	4601780
2	140	16	501527	4601380
2	140	20	501927	4601380
2	140	24	502327	4601380
2	140	28	502727	4601380
2	140	32	503127	4601380
2	140	36	503527	4601380
2	144	16	501527	4600980
2	144	20	501927	4600980
2	144	24	502327	4600980
2	144	28	502727	4600980
2	136	68	506727	4601780
2	136	72	507127	4601780
2	140	64	506327	4601380
2	140	68	506727	4601380
2	140	72	507127	4601380
2	144	64	506327	4600980
2	144	68	506727	4600980
2	148	68	506727	4600580
2	136	108	510727	4601780
2	136	112	511127	4601780
2	140	108	510727	4601380
2	140	112	511127	4601380
2	144	104	510327	4600980
2	144	108	510727	4600980
2	144	112	511127	4600980
2	148	100	509927	4600580
2	148	104	510327	4600580
2	148	108	510727	4600580
2	148	112	511127	4600580
2	152	96	509527	4600180
2	152	104	510327	4600180
2	152	108	510727	4600180
2	152	112	511127	4600180
2	156	88	508727	4599780
2	156	92	509127	4599780
2	156	96	509527	4599780
2	156	100	509927	4599780
2	156	104	510327	4599780
2	156	108	510727	4599780
2	156	112	511127	4599780
2	160	84	508327	4599380
2	160	88	508727	4599380
2	160	92	509127	4599380
2	160	96	509527	4599380
2	160	100	509927	4599380
2	160	104	510327	4599380
2	160	108	510727	4599380
2	160	112	511127	4599380
2	164	72	507127	4598980
2	164	76	507527	4598980
2	164	80	507927	4598980
2	164	84	508327	4598980
2	164	88	508727	4598980
2	164	92	509127	4598980
2	164	96	509527	4598980
2	164	100	509927	4598980
2	164	104	510327	4598980
2	164	108	510727	4598980
2	136	116	511527	4601780
2	136	120	511927	4601780
2	136	124	512327	4601780
2	136	132	513127	4601780
2	136	136	513527	4601780
2	136	140	513927	4601780
2	140	116	511527	4601380
2	140	120	511927	4601380
2	140	124	512327	4601380
2	140	132	513127	4601380
2	140	136	513527	4601380
2	140	140	513927	4601380
2	144	116	511527	4600980
2	144	120	511927	4600980
2	144	124	512327	4600980
2	144	128	512727	4600980
2	144	136	513527	4600980
2	144	140	513927	4600980
2	144	144	514327	4600980
2	148	120	511927	4600580
2	148	124	512327	4600580
2	148	128	512727	4600580
2	148	136	513527	4600580
2	148	140	513927	4600580
2	152	116	511527	4600180
2	152	120	511927	4600180
2	152	124	512327	4600180
2	152	128	512727	4600180
2	152	136	513527	4600180
2	152	140	513927	4600180
2	156	116	511527	4599780
2	156	120	511927	4599780
2	156	124	512327	4599780
2	156	128	512727	4599780
2	156	132	513127	4599780
2	156	140	513927	4599780
2	156	144	514327	4599780
2	160	116	511527	4599380
2	160	120	511927	4599380
2	160	124	512327	4599380
2	160	128	512727	4599380
2	160	140	513927	4599380
2	160	144	514327	4599380
2	160	148	514727	4599380
2	164	112	511127	4598980
2	164	116	511527	4598980
2	164	120	511927	4598980
2	164	124	512327	4598980
2	164	128	512727	4598980
2	164	136	513527	4598980
2	164	140	513927	4598980
2	184	64	506327	4596980
2	184	68	506727	4596980
2	184	72	507127	4596980
2	184	76	507527	4596980
2	184	80	507927	4596980
2	188	68	506727	4596580
2	188	72	507127	4596580
2	188	76	507527	4596580
2	188	80	507927	4596580
2	188	84	508327	4596580
2	192	68	506727	4596180
2	192	72	507127	4596180
2	192	76	507527	4596180
2	192	80	507927	4596180
2	192	84	508327	4596180
2	196	68	506727	4595780
2	196	72	507127	4595780
2	196	76	507527	4595780
2	196	80	507927	4595780
2	196	84	508327	4595780
2	200	64	506327	4595380
2	200	68	506727	4595380
2	200	72	507127	4595380
2	200	76	507527	4595380
2	200	80	507927	4595380
2	200	84	508327	4595380
2	204	60	505927	4594980
2	204	64	506327	4594980
2	204	68	506727	4594980
2	204	72	507127	4594980
2	204	76	507527	4594980
2	204	80	507927	4594980
2	204	84	508327	4594980
2	208	68	506727	4594580
2	208	72	507127	4594580
2	208	76	507527	4594580
2	208	80	507927	4594580
2	208	84	508327	4594580
2	212	76	507527	4594180
2	212	80	507927	4594180
2	212	84	508327	4594180
2	216	76	507527	4593780
2	216	80	507927	4593780
2	216	84	508327	4593780
2	220	76	507527	4593380
2	220	80	507927	4593380
2	220	84	508327	4593380
2	224	80	507927	4592980
2	224	84	508327	4592980
2	228	84	508327	4592580
2	228	88	508727	4592580
2	204	132	513127	4594980
2	204	136	513527	4594980
2	208	132	513127	4594580
2	208	136	513527	4594580
2	212	136	513527	4594180
2	212	140	513927	4594180
2	212	144	514327	4594180
2	224	140	513927	4592980
2	224	144	514327	4592980
2	228	140	513927	4592580
2	228	144	514327	4592580
2	228	148	514727	4592580
2	228	152	515127	4592580
2	168	68	506727	4598580
2	168	72	507127	4598580
2	168	76	507527	4598580
2	168	80	507927	4598580
2	168	84	508327	4598580
2	168	88	508727	4598580
2	168	92	509127	4598580
2	168	96	509527	4598580
2	168	100	509927	4598580
2	168	104	510327	4598580
2	168	108	510727	4598580
2	172	64	506327	4598180
2	172	68	506727	4598180
2	172	72	507127	4598180
2	172	76	507527	4598180
2	172	80	507927	4598180
2	172	84	508327	4598180
2	172	88	508727	4598180
2	172	92	509127	4598180
2	172	96	509527	4598180
2	172	100	509927	4598180
2	172	104	510327	4598180
2	172	108	510727	4598180
2	176	64	506327	4597780
2	176	68	506727	4597780
2	176	72	507127	4597780
2	176	76	507527	4597780
2	176	80	507927	4597780
2	176	84	508327	4597780
2	176	88	508727	4597780
2	176	92	509127	4597780
2	176	96	509527	4597780
2	176	100	509927	4597780
2	176	104	510327	4597780
2	176	108	510727	4597780
2	180	64	506327	4597380
2	180	68	506727	4597380
2	180	72	507127	4597380
2	180	76	507527	4597380
2	180	80	507927	4597380
2	180	84	508327	4597380
2	180	88	508727	4597380
2	180	92	509127	4597380
2	180	96	509527	4597380
2	180	100	509927	4597380
2	180	104	510327	4597380
2	180	108	510727	4597380
2	180	112	511127	4597380
2	184	84	508327	4596980
2	184	88	508727	4596980
2	184	92	509127	4596980
2	184	96	509527	4596980
2	184	100	509927	4596980
2	184	104	510327	4596980
2	184	108	510727	4596980
2	184	112	511127	4596980
2	188	88	508727	4596580
2	188	92	509127	4596580
2	188	96	509527	4596580
2	188	100	509927	4596580
2	188	104	510327	4596580
2	188	108	510727	4596580
2	188	112	511127	4596580
2	192	88	508727	4596180
2	192	92	509127	4596180
2	192	96	509527	4596180
2	192	100	509927	4596180
2	192	104	510327	4596180
2	192	108	510727	4596180
2	192	112	511127	4596180
2	196	88	508727	4595780
2	196	92	509127	4595780
2	196	96	509527	4595780
2	196	100	509927	4595780
2	196	104	510327	4595780
2	196	108	510727	4595780
2	196	112	511127	4595780
2	200	88	508727	4595380
2	200	92	509127	4595380
2	200	96	509527	4595380
2	200	100	509927	4595380
2	200	104	510327	4595380
2	200	108	510727	4595380
2	200	112	511127	4595380
2	204	88	508727	4594980
2	204	92	509127	4594980
2	204	96	509527	4594980
2	204	100	509927	4594980
2	204	104	510327	4594980
2	204	108	510727	4594980
2	204	112	511127	4594980
2	208	88	508727	4594580
2	208	92	509127	4594580
2	208	96	509527	4594580
2	208	100	509927	4594580
2	208	104	510327	4594580
2	208	108	510727	4594580
2	208	112	511127	4594580
2	212	88	508727	4594180
2	212	92	509127	4594180
2	212	96	509527	4594180
2	212	100	509927	4594180
2	212	104	510327	4594180
2	212	108	510727	4594180
2	212	112	511127	4594180
2	216	88	508727	4593780
2	216	92	509127	4593780
2	216	96	509527	4593780
2	216	100	509927	4593780
2	216	104	510327	4593780
2	216	108	510727	4593780
2	216	112	511127	4593780
2	220	88	508727	4593380
2	220	92	509127	4593380
2	220	96	509527	4593380
2	220	100	509927	4593380
2	220	104	510327	4593380
2	220	108	510727	4593380
2	224	88	508727	4592980
2	224	92	509127	4592980
2	224	96	509527	4592980
2	224	100	509927	4592980
2	224	104	510327	4592980
2	228	92	509127	4592580
2	228	96	509527	4592580
2	228	100	509927	4592580
2	228	104	510327	4592580
2	168	112	511127	4598580
2	168	116	511527	4598580
2	168	120	511927	4598580
2	168	124	512327	4598580
2	168	136	513527	4598580
2	172	112	511127	4598180
2	172	116	511527	4598180
2	172	120	511927	4598180
2	172	124	512327	4598180
2	172	128	512727	4598180
2	176	112	511127	4597780
2	176	116	511527	4597780
2	176	120	511927	4597780
2	176	124	512327	4597780
2	176	128	512727	4597780
2	176	132	513127	4597780
2	180	116	511527	4597380
2	180	120	511927	4597380
2	180	128	512727	4597380
2	184	116	511527	4596980
2	184	120	511927	4596980
2	184	128	512727	4596980
2	184	132	513127	4596980
2	188	116	511527	4596580
2	188	120	511927	4596580
2	188	128	512727	4596580
2	188	132	513127	4596580
2	192	116	511527	4596180
2	192	120	511927	4596180
2	192	128	512727	4596180
2	192	132	513127	4596180
2	196	116	511527	4595780
2	196	120	511927	4595780
2	196	128	512727	4595780
2	196	132	513127	4595780
2	200	116	511527	4595380
2	200	128	512727	4595380
2	200	132	513127	4595380
2	204	116	511527	4594980
2	204	120	511927	4594980
2	204	128	512727	4594980
2	208	116	511527	4594580
2	208	120	511927	4594580
2	212	116	511527	4594180
2	212	120	511927	4594180
2	212	128	512727	4594180
2	216	116	511527	4593780
2	216	120	511927	4593780
2	216	124	512327	4593780
2	216	132	513127	4593780
2	220	112	511127	4593380
2	220	116	511527	4593380
2	220	120	511927	4593380
2	220	124	512327	4593380
2	224	108	510727	4592980
2	224	112	511127	4592980
2	224	116	511527	4592980
2	224	120	511927	4592980
2	224	124	512327	4592980
2	228	108	510727	4592580
2	228	112	511127	4592580
2	228	116	511527	4592580
2	228	120	511927	4592580
2	228	124	512327	4592580
2	232	84	508327	4592180
2	232	88	508727	4592180
2	236	84	508327	4591780
2	236	88	508727	4591780
2	240	88	508727	4591380
2	240	92	509127	4591380
2	244	92	509127	4590980
2	244	96	509527	4590980
2	244	100	509927	4590980
2	248	96	509527	4590580
2	256	104	510327	4589780
2	232	140	513927	4592180
2	232	144	514327	4592180
2	232	148	514727	4592180
2	236	132	513127	4591780
2	236	136	513527	4591780
2	236	140	513927	4591780
2	236	144	514327	4591780
2	240	132	513127	4591380
2	240	136	513527	4591380
2	240	140	513927	4591380
2	240	144	514327	4591380
2	244	132	513127	4590980
2	244	136	513527	4590980
2	232	92	509127	4592180
2	232	96	509527	4592180
2	232	100	509927	4592180
2	236	96	509527	4591780
2	236	100	509927	4591780
2	240	96	509527	4591380
2	240	100	509927	4591380
2	232	108	510727	4592180
2	232	112	511127	4592180
2	232	116	511527	4592180
2	232	120	511927	4592180
2	232	124	512327	4592180
2	236	108	510727	4591780
2	236	112	511127	4591780
2	236	116	511527	4591780
2	236	120	511927	4591780
2	236	124	512327	4591780
2	236	128	512727	4591780
2	240	108	510727	4591380
2	240	112	511127	4591380
2	240	116	511527	4591380
2	240	120	511927	4591380
2	240	124	512327	4591380
2	240	128	512727	4591380
2	244	108	510727	4590980
2	244	112	511127	4590980
2	244	116	511527	4590980
2	244	120	511927	4590980
2	244	128	512727	4590980
2	248	108	510727	4590580
2	248	112	511127	4590580
2	248	116	511527	4590580
2	248	120	511927	4590580
2	248	132	513127	4590580
2	252	104	510327	4590180
2	252	108	510727	4590180
2	252	112	511127	4590180
2	252	116	511527	4590180
2	252	120	511927	4590180
2	252	132	513127	4590180
2	256	108	510727	4589780
2	256	112	511127	4589780
2	256	116	511527	4589780
2	256	120	511927	4589780
2	260	108	510727	4589380
2	260	112	511127	4589380
2	260	116	511527	4589380
2	260	120	511927	4589380
2	264	108	510727	4588980
2	264	112	511127	4588980
2	264	116	511527	4588980
2	268	108	510727	4588580
2	268	112	511127	4588580
2	268	116	511527	4588580
2	272	108	510727	4588180
2	272	112	511127	4588180
2	272	116	511527	4588180
2	276	112	511127	4587780
2	276	116	511527	4587780
2	280	112	511127	4587380
2	280	116	511527	4587380
2	280	120	511927	4587380
2	280	124	512327	4587380
2	284	116	511527	4586980
2	284	120	511927	4586980
2	284	124	512327	4586980
2	288	116	511527	4586580
2	288	120	511927	4586580
2	288	124	512327	4586580
2	288	128	512727	4586580
2	292	116	511527	4586180
2	292	120	511927	4586180
2	292	124	512327	4586180
2	292	128	512727	4586180
2	296	120	511927	4585780
2	296	124	512327	4585780
2	296	128	512727	4585780
2	300	120	511927	4585380
2	300	124	512327	4585380
2	300	128	512727	4585380
2	304	120	511927	4584980
2	304	124	512327	4584980
2	308	116	511527	4584580
2	308	120	511927	4584580
2	308	124	512327	4584580
2	312	116	511527	4584180
2	312	120	511927	4584180
2	312	124	512327	4584180
2	80	136	513527	4607380
2	84	132	513127	4606980
2	88	128	512727	4606580
2	88	132	513127	4606580
2	92	128	512727	4606180
2	96	128	512727	4605780
2	72	24	502327	4608180
2	76	12	501127	4607780
2	76	16	501527	4607780
2	76	24	502327	4607780
2	76	28	502727	4607780
2	80	12	501127	4607380
2	80	16	501527	4607380
2	80	24	502327	4607380
2	80	28	502727	4607380
2	84	16	501527	4606980
2	84	24	502327	4606980
2	84	28	502727	4606980
2	88	24	502327	4606580
2	88	28	502727	4606580
2	88	32	503127	4606580
2	92	24	502327	4606180
2	92	28	502727	4606180
2	96	24	502327	4605780
2	96	28	502727	4605780
2	96	32	503127	4605780
2	100	20	501927	4605380
2	100	24	502327	4605380
2	100	28	502727	4605380
2	100	32	503127	4605380
2	100	36	503527	4605380
2	104	16	501527	4604980
2	104	20	501927	4604980
2	104	24	502327	4604980
2	104	28	502727	4604980
2	104	32	503127	4604980
2	108	16	501527	4604580
2	108	20	501927	4604580
2	108	24	502327	4604580
2	108	28	502727	4604580
2	108	32	503127	4604580
2	112	12	501127	4604180
2	112	16	501527	4604180
2	112	24	502327	4604180
2	112	28	502727	4604180
2	112	32	503127	4604180
2	112	36	503527	4604180
2	116	12	501127	4603780
2	84	80	507927	4606980
2	88	80	507927	4606580
2	88	84	508327	4606580
2	88	88	508727	4606580
2	92	76	507527	4606180
2	92	80	507927	4606180
2	92	84	508327	4606180
2	92	88	508727	4606180
2	96	76	507527	4605780
2	96	80	507927	4605780
2	96	84	508327	4605780
2	96	88	508727	4605780
2	100	76	507527	4605380
2	100	80	507927	4605380
2	104	76	507527	4604980
2	104	80	507927	4604980
2	108	76	507527	4604580
2	112	80	507927	4604180
2	108	120	511927	4604580
2	60	64	506327	4609380
2	60	68	506727	4609380
2	60	76	507527	4609380
2	60	80	507927	4609380
2	60	92	509127	4609380
2	64	16	501527	4608980
2	64	20	501927	4608980
2	64	24	502327	4608980
2	64	28	502727	4608980
2	64	40	503927	4608980
2	64	44	504327	4608980
2	64	48	504727	4608980
2	64	60	505927	4608980
2	64	64	506327	4608980
2	64	76	507527	4608980
2	64	80	507927	4608980
2	64	84	508327	4608980
2	64	88	508727	4608980
2	64	104	510327	4608980
2	68	24	502327	4608580
2	68	28	502727	4608580
2	68	32	503127	4608580
2	68	40	503927	4608580
2	68	44	504327	4608580
2	68	48	504727	4608580
2	68	64	506327	4608580
2	68	68	506727	4608580
2	68	76	507527	4608580
2	68	80	507927	4608580
2	68	84	508327	4608580
2	68	88	508727	4608580
2	68	92	509127	4608580
2	68	100	509927	4608580
2	68	104	510327	4608580
2	68	108	510727	4608580
2	68	112	511127	4608580
2	72	32	503127	4608180
2	72	36	503527	4608180
2	72	52	505127	4608180
2	72	56	505527	4608180
2	72	60	505927	4608180
2	72	64	506327	4608180
2	72	80	507927	4608180
2	72	84	508327	4608180
2	72	88	508727	4608180
2	72	92	509127	4608180
2	72	96	509527	4608180
2	72	100	509927	4608180
2	72	104	510327	4608180
2	72	108	510727	4608180
2	72	112	511127	4608180
2	72	116	511527	4608180
2	76	44	504327	4607780
2	76	48	504727	4607780
2	76	56	505527	4607780
2	76	88	508727	4607780
2	76	92	509127	4607780
2	76	96	509527	4607780
2	76	100	509927	4607780
2	76	104	510327	4607780
2	76	108	510727	4607780
2	76	112	511127	4607780
2	76	116	511527	4607780
2	80	88	508727	4607380
2	80	92	509127	4607380
2	80	96	509527	4607380
2	80	100	509927	4607380
2	80	104	510327	4607380
2	80	108	510727	4607380
2	80	112	511127	4607380
2	80	116	511527	4607380
2	84	108	510727	4606980
2	84	112	511127	4606980
2	84	116	511527	4606980
2	88	116	511527	4606580
2	88	120	511927	4606580
2	92	120	511927	4606180
2	96	120	511927	4605780
2	96	124	512327	4605780
2	100	124	512327	4605380
2	100	128	512727	4605380
2	104	128	512727	4604980
2	104	132	513127	4604980
2	108	124	512327	4604580
2	108	132	513127	4604580
2	108	136	513527	4604580
2	112	124	512327	4604180
2	112	132	513127	4604180
2	112	136	513527	4604180
2	124	136	513527	4602980
2	128	140	513927	4602580
2	128	144	514327	4602580
2	128	148	514727	4602580
2	128	152	515127	4602580
2	128	160	515927	4602580
2	128	164	516327	4602580
2	132	144	514327	4602180
2	132	148	514727	4602180
2	132	152	515127	4602180
2	132	156	515527	4602180
2	132	160	515927	4602180
2	132	164	516327	4602180
2	116	16	501527	4603780
2	116	20	501927	4603780
2	116	24	502327	4603780
2	116	28	502727	4603780
2	116	32	503127	4603780
2	116	36	503527	4603780
2	120	20	501927	4603380
2	120	24	502327	4603380
2	120	28	502727	4603380
2	124	20	501927	4602980
2	124	24	502327	4602980
2	124	28	502727	4602980
2	124	32	503127	4602980
2	128	20	501927	4602580
2	128	24	502327	4602580
2	128	28	502727	4602580
2	128	32	503127	4602580
2	132	40	503927	4602180
2	116	80	507927	4603780
2	120	80	507927	4603380
2	124	76	507527	4602980
2	128	72	507127	4602580
2	132	68	506727	4602180
2	132	72	507127	4602180
2	128	116	511527	4602580
2	132	112	511127	4602180
2	116	124	512327	4603780
2	116	128	512727	4603780
2	116	136	513527	4603780
2	120	124	512327	4603380
2	120	128	512727	4603380
2	120	136	513527	4603380
2	124	124	512327	4602980
2	124	128	512727	4602980
2	124	132	513127	4602980
2	128	120	511927	4602580
2	128	124	512327	4602580
2	128	132	513127	4602580
2	132	116	511527	4602180
2	132	120	511927	4602180
2	132	124	512327	4602180
2	132	132	513127	4602180
2	132	136	513527	4602180
