0
0
0
0
0
0.07
0.547
0.651
0.355
0
0
0
0
0
0
0
0.067
0.089
0.835
0.558
0
0
0
0
0
0
0
0.297
0.44
0.817
0.893
0.915
0.879
0.318
0
0
0
0
0
0
0
0
0.579
0.638
0
0
0
0
0
0
0
0.789
0.822
0.845
0.913
0.908
0.878
0.705
0.164
0
0
0
0.686
0.72
0.867
0.756
0.911
0.893
0.719
0
0
0
0
0.769
0.881
0.902
0.681
0.557
0.85
0.739
0.345
0
0
0
0
0
0
0.762
0.783
0.862
0.905
0.905
0.908
0.775
0.354
0.09
0
0.584
0.617
0.677
0.775
0.772
0.897
0.901
0.867
0.388
0
0
0
0
0
0.604
0.671
0.696
0.906
0.853
0.739
0
0
0
0
0
0
0
0
0.083
0.514
0.588
0
0
0
0
0
0
0.123
0.664
0.437
0.379
0.868
0.767
0.582
0
0
0
0
0
0.711
0.824
0.673
0.705
0.888
0.89
0.842
0.179
0.122
0
0
0
0.112
0.337
0.665
0.701
0.872
0.83
0.6
0
0
0
0
0
0.397
0.347
0.265
0.356
0.793
0.886
0.749
0
0
0
0
0
0.886
0.888
0.845
0.679
0.901
0.93
0.857
0.229
0
0
0
0
0.641
0.48
0.309
0.67
0.789
0.694
0
0
0
0
0
0
0
0.052
0.271
0.527
0.796
0.887
0.709
0
0
0
0
0
0
0
0
0.423
0.731
0.822
0.466
0
0
0
0
0
0
0.274
0.171
0.331
0.845
0.853
0.898
0.491
0
0
0
0.236
0.67
0.645
0.316
0.697
0.908
0.863
0.896
0.755
0.193
0
0
0
0
0.216
0
0.554
0.918
0.856
0.599
0
0
0
0
0
0.668
0
0.044
0.37
0.828
0.67
0
0
0
0
0
0
0
0
0.258
0.584
0.567
0
0
0
0
0
0
0
0.657
0.29
0.838
0.392
0.471
0
0
0
0
0
0
0
0
0.705
0.73
0.847
0.911
0.829
0.541
0
0
0
0.539
0.483
0.692
0.762
0.906
0.849
0.919
0.916
0.837
0.223
0
0
0
0.163
0
0
0
0.081
0.854
0.642
0
0
0
0
