#Precalibration Drain Flow
3506.397177
79544.02291
24200.00806
19839.12097
17747.76786
24314.96774
28056.84999
28727.6613
28120.61666
23320.35484
9618.064517
5473.466667
7306.612904
7648.866666
7403.193548
7515.16129
7859.586207
15218.35484
21498.5
28321.2258
27889.7
18953.06452
5146.806452
4600.533333
8222.032257
7024.900001
7263.935483
2721.290322
44051.9643
38362.90324
72558.99999
108964.2581
112935.5333
88675.93548
49063.16128
30029.33334
22431.41935
17124.06667
15591.93548
17075.29032
17857.42857
23221.93548
25723.99999
25714.70968
22815.2
8901.161291
3571.741937
2694.266667
3427.483872
5814.933334
5751.741935
626.0645157
107013.5714
138680.9032
114388.6667
108962.9677
108575.0667
99956.25807
59447.74194
35772.8
25501.29033
18456.26667
37237.93548
135602.8387
102619.3103
107486.4516
106058.6667
103546.0645
100869.0667
66602.8387
30224.77419
18209.86667
18997.67742
17885.86667
130605.1613
218857.5484
111169.4286
101362.8387
86097.06668
70515.87097
66519.73332
42899.35484
28499.87098
23192
23238.70968
28573.33332
23461.67742
72737.03226
64182.57143
116512.2581
108439.7333
108330.0645
124213.6
108704
66454.70968
39065.6
28773.67742
50420.26665
45439.48388
97242.83871
78135.99999
101710.9677
101584.5333
93891.09677
102130.6667
86339.09678
48009.29033
28356.26666
22034.06452
17638.93333
17778.58064
51280
44520.27587
76030.96774
85185.6
87410.58065
79184
65241.29032
33964.90322
16605.33333
18768
15443.73333
13289.80645
12358.70968
12360.57143
17170.58064
20893.86667
20995.09677
17791.46667
5545.806452
2110.967742
1869.333333
2223.999999
4057.066666
15016.25806
28662.19356
45142.28573
51745.54839
54144.53334
56643.09678
57452.26666
38288.00001
14515.6129
8587.2
288.0000003
18961.6
92865.03227
92140.90323
123319.4286
113828.6452
102288.5333
97758.45162
96610.13334
73067.35484
43252.12904
24950.4
16438.70968
16041.6
16964.64516
25559.74193
133213.2414
83032.25806
83177.06666
76569.29033
74558.4
47382.19355
18161.03226
10377.6
14987.87097
12379.2
13873.03226
27265.03226
202421.1429
69667.6129
60189.86667
64440.7742
77885.86666
57607.74193
24360.25807
13763.73333
482.5806451
30576
132879.4839
221489.5484
147989.7143
122259.6129
105652.2667
108175.4839
99700.26668
74099.6129
34522.83871
19383.46667
16899.09677
17252.26667
30745.80646
48294.19356
78828.57143
65828.12904
68182.40001
56836.12902
43911.46666
23707.87097
9124.129033
7256.533332
309.6774205
21691.73333
10284.3871
29393.54838
72434.75863
48155.87096
51352.53334
55070.96773
71387.73334
48974.45161
20695.74194
11937.06667
13544.25806
12849.06667
12082.58064
12827.87097
19792
28594.58066
32753.06667
44148.64516
55509.33334
32626.58065
11918.45161
7660.8
322.0645157
22128
9032.258064
11747.09677
29465.14287
32369.54839
37750.39999
55861.67741
75206.4
78165.67742
40707.09679
24323.2
24055.74194
19473.06667
53328.51614
57458.58066
77947.42857
108051.6129
92618.66666
93591.74193
99287.46668
93718.70968
63287.74193
37597.86667
